-4.677161043157145315e+00
-4.677161043157145315e+00
9.259210542488276019e+00
3.905649519187493013e+01
4.600205350756109368e+01
4.627852893592869066e+01
5.221775294928222877e+01
5.364714222797007181e+01
6.103585532386902912e+01
7.044645693818317511e+01
7.376708293741094735e+01
7.804958346532157520e+01
7.849316884529596905e+01
7.624068329124226295e+01
7.692518159505721087e+01
7.669852678038134286e+01
7.717593772518451090e+01
8.007538829546118109e+01
7.487981049401619771e+01
7.937967400207328694e+01
7.624378042656489640e+01
7.647528331022591885e+01
7.892599519434867261e+01
7.579369899093697427e+01
7.692652338377965293e+01
7.445373802580266442e+01
7.692983829189874712e+01
7.916854031915725898e+01
7.758923265739895214e+01
7.670350481491765038e+01
7.400580576290812473e+01
7.737100453125233912e+01
7.916251563243174871e+01
7.086554847156830306e+01
7.177127897828707148e+01
7.061534443264854133e+01
7.129203436239053815e+01
7.083934535387246001e+01
6.973987017272929734e+01
7.217975649531020110e+01
7.087759192947385145e+01
6.973542709698057251e+01
7.197200690617054875e+01
7.310039017016607943e+01
7.198338826939891533e+01
7.064323097099565985e+01
7.109544637858957117e+01
6.972825160342719641e+01
7.176188117584347026e+01
7.176789704595296371e+01
7.220362191372328198e+01
7.288836004970387705e+01
