1.019192945474213730e+01
1.019192945474213730e+01
5.874214245550772517e+01
7.237784995572579305e+01
7.298692284081349158e+01
7.820316330633853852e+01
8.037838182687379174e+01
8.175863808718069947e+01
7.968349839729042117e+01
7.973573162228510114e+01
7.445386988927889149e+01
7.424937905291388063e+01
7.307706451421270799e+01
7.555100146970137587e+01
8.176742769922330467e+01
8.013817916712979184e+01
8.397080882665640900e+01
8.161859645161496246e+01
8.556937560727200776e+01
8.749431076703383781e+01
8.842246373755264699e+01
8.931011837890632421e+01
8.563216756903747751e+01
8.925667106050835287e+01
8.673171629492928503e+01
8.920167173396477267e+01
8.810726714200683318e+01
8.622001347036606944e+01
8.898516605564633153e+01
8.647141725654098821e+01
7.823469195676807431e+01
8.768401010807660612e+01
8.685616965358985908e+01
8.343848405656217437e+01
8.247476742283875240e+01
8.354217366796322608e+01
8.821456475939639574e+01
8.680325989079213400e+01
8.601668799205006621e+01
8.533465622926148342e+01
8.380364293592512581e+01
8.352066697360612579e+01
8.750984374482698058e+01
8.034187220343599733e+01
8.545694075037411608e+01
8.253519595606792336e+01
8.623924232391382816e+01
8.278416664986994533e+01
8.284237886923895644e+01
8.418436120153525337e+01
8.451740946651668196e+01
8.259548945251894736e+01
