6.643472144439452443e+00
6.643472144439452443e+00
4.466059491436271145e+01
7.736072644720545100e+01
8.150911373095391355e+01
7.677688989409905673e+01
7.927179821253852765e+01
7.878836669947358473e+01
7.667433022723062663e+01
8.208987716266895518e+01
7.414574045557608883e+01
8.236178460898487685e+01
8.231802222142169967e+01
8.004516966759169350e+01
8.261618427837200329e+01
8.037500293681490859e+01
8.580812964133076548e+01
8.811442851517655583e+01
8.477480845071724502e+01
9.160215489828006241e+01
8.867236505458922124e+01
7.831460602181941510e+01
8.742530638032754098e+01
8.495022968616906667e+01
8.303096900196685226e+01
8.885111495119572567e+01
8.199319857054437932e+01
8.448631287304691284e+01
8.391385681766355731e+01
8.354580017244913392e+01
8.188111340071024813e+01
8.340448162692163692e+01
8.483199963117350251e+01
8.201893384605003234e+01
8.284805145008017746e+01
8.513797394494483228e+01
8.125205665229424312e+01
7.768992669317484001e+01
8.563254709536290932e+01
8.278164624239923342e+01
8.303166237976253683e+01
7.613354349980230040e+01
8.322599676576734851e+01
8.040243092885425824e+01
8.283962984991619294e+01
8.527804399900715282e+01
7.910108920846396074e+01
8.098726140203571333e+01
7.816218504291421709e+01
8.184747474920193611e+01
8.151198115140829259e+01
8.231369572700614867e+01
