1.038989458996060877e+00
1.038989458996060877e+00
2.870229984617263952e+01
5.409587031303932747e+01
5.796665568991626571e+01
5.936160176271708622e+01
6.062299907802046306e+01
6.236022644291769268e+01
7.253855406628090918e+01
7.006883534294294691e+01
7.591615308431222786e+01
7.162127842959736768e+01
6.784035279028975651e+01
6.988663357339346760e+01
6.789843829822170562e+01
7.108122432802703372e+01
6.870844111464843706e+01
7.125224862687858263e+01
6.701678570913934152e+01
6.859019154164664656e+01
7.089175757373270415e+01
7.090603942679852878e+01
7.047135809309403953e+01
7.091713152940185694e+01
6.914028473241107520e+01
7.003937278622908025e+01
7.107257381424636833e+01
7.244829515648845586e+01
8.013250394135702948e+01
7.296605376560444256e+01
7.855628406747462122e+01
7.680971395573574512e+01
7.967112337733962590e+01
7.369423810864518032e+01
7.711314198549223420e+01
7.811724142383499725e+01
7.525222131897142219e+01
7.681362312855353025e+01
7.462185288386271509e+01
7.658943314408402614e+01
7.593130632981714712e+01
7.480362758328210759e+01
7.650595658604113680e+01
7.367261293201511307e+01
7.267486853721753448e+01
7.817022871617534463e+01
7.289825735229653958e+01
7.573964473390138608e+01
7.675514633574701406e+01
7.700600772294794183e+01
8.373679584223683037e+01
7.707929096598127217e+01
