-2.009228655116972018e+00
-2.009228655116972018e+00
8.270469621914129377e+00
2.123594652560939267e+01
3.354733046637343108e+01
5.411716506130339610e+01
6.337505871459238449e+01
7.566175746482213071e+01
7.075369934069733802e+01
7.611849771497209360e+01
7.297491764274559500e+01
7.410175629991367430e+01
7.949627238404782759e+01
7.345416114760878656e+01
7.297768118960559036e+01
7.747034749435590584e+01
7.590274408272053108e+01
7.573040376295307397e+01
7.297127238404782190e+01
7.208675271233857984e+01
7.409534749435590584e+01
7.589627238404781906e+01
7.409970056468127098e+01
7.409806539994352192e+01
7.187128979722857025e+01
7.274442260466399546e+01
7.544973026966360408e+01
7.904627238404782474e+01
7.298329120516820012e+01
7.567401287717325431e+01
7.527073338176941775e+01
7.643489598336853419e+01
7.779840364639926520e+01
7.598397109367661528e+01
7.306634463102109578e+01
7.443749420322230037e+01
7.194037989923438658e+01
7.461266495705066859e+01
7.417663739842691939e+01
7.530256228811883545e+01
7.620348717781075720e+01
7.439751698517389400e+01
7.531092091836451630e+01
7.239188616538453402e+01
7.062863598326831038e+01
7.041895544832853204e+01
6.993332243541853188e+01
7.085120085800363654e+01
7.193884290616969679e+01
7.175877028686866765e+01
7.109584422559413497e+01
7.354548185224601298e+01
