1.214860823786923616e+00
1.214860823786923616e+00
2.238878707327099704e+01
4.436576217221127649e+01
5.288697762624187959e+01
5.517428240059204825e+01
5.773580919105192777e+01
5.838054906021223189e+01
6.859056945576742237e+01
7.375025318048483314e+01
7.881596741355679114e+01
7.650064798894653961e+01
7.403543604673032519e+01
7.222038807596723586e+01
7.046867093518717695e+01
7.196398008079241038e+01
7.232552764967688574e+01
7.600478997751012855e+01
7.431511253219544244e+01
7.280620021871659731e+01
7.475933934587703789e+01
7.376378525450255097e+01
7.497299689173107140e+01
7.056551664015825054e+01
7.478016671044656505e+01
7.513999199177945343e+01
7.763535228277331157e+01
7.552904185852676733e+01
7.464463994210086639e+01
7.465366497515860544e+01
7.756232717564027723e+01
8.177167726319825647e+01
7.174164707071710723e+01
7.698515702046586284e+01
7.397774634598162891e+01
7.710030526952819230e+01
7.654560542091060427e+01
7.778115794237000102e+01
7.451463792717345314e+01
7.690664593184193620e+01
7.592251486216440526e+01
7.493489555617260578e+01
7.389870831703959198e+01
7.179155809806118782e+01
7.394196089574154485e+01
7.307767340588102911e+01
7.100445862963611887e+01
7.301174167708848017e+01
7.301497541107984546e+01
7.260608993876988393e+01
7.282325926327344234e+01
7.587360955989906586e+01
