-3.535510804172358412e+00
-3.535510804172358412e+00
5.305569131516091552e+00
2.716474062612586593e+01
4.163054747570354408e+01
4.996739323387980392e+01
5.049032533788214039e+01
5.123413137965936670e+01
5.784629745700971171e+01
5.278980376987352940e+01
5.315253621665252837e+01
5.890086609139842722e+01
7.126358830017417745e+01
7.479913875226229436e+01
7.571396519712043016e+01
7.637788463067002453e+01
7.458720881365546518e+01
7.772814242585567968e+01
7.593783060828894804e+01
7.411083646759277599e+01
7.412403520086495234e+01
7.411892146248088409e+01
7.571437487538403843e+01
7.343513221318686135e+01
7.862134475542390533e+01
7.525716075652476889e+01
7.260970928151346016e+01
7.756038848158405585e+01
7.938214600329008874e+01
7.351639608131338832e+01
7.420024751987500622e+01
7.690202090140493851e+01
7.260723961781771152e+01
7.418118231941471663e+01
7.690408674530277722e+01
8.026219190342764875e+01
7.733820282623864273e+01
7.626793283247054944e+01
7.758188726961050463e+01
7.915553218112600575e+01
7.714478222665522367e+01
7.666865251645188550e+01
8.074439748640941161e+01
8.261315662221099387e+01
7.806442703610483136e+01
7.743617197065537994e+01
7.474978948841483373e+01
7.720355113299555683e+01
8.030143351660993289e+01
8.030974784722116055e+01
8.147154545154684513e+01
8.122195848108177074e+01
