5.170464588201651779e+00
5.170464588201651779e+00
5.661489677436213697e+01
8.048409512014799816e+01
8.373231726951973997e+01
8.508357778453159881e+01
8.788100167320904177e+01
8.639927246646853121e+01
8.641106071074477768e+01
8.586576597535913891e+01
7.881103409900477175e+01
8.236851258981212709e+01
8.359386860162298660e+01
7.724738452235150987e+01
8.431482677615505850e+01
8.909054825390252574e+01
8.235940290134627162e+01
7.936543961640414580e+01
8.139517958899030248e+01
8.177309420178896460e+01
8.382077262683004903e+01
8.195103203478574017e+01
8.037468793039786874e+01
7.830696769740966090e+01
8.460181398556565568e+01
8.112232697063757314e+01
7.868485490033087615e+01
7.748078341710422023e+01
8.214444254387969124e+01
7.813665624661641118e+01
7.556533503273455210e+01
7.529805759047914648e+01
7.724107629703435407e+01
7.283814061898284820e+01
7.521795159381299811e+01
7.560144978428090212e+01
7.545520312741822977e+01
6.918555817478298309e+01
7.352800321188931321e+01
7.759429750710314977e+01
7.074698565686932739e+01
7.711925876848226835e+01
6.961723447685409383e+01
7.288286010994866615e+01
7.415641379820553425e+01
7.513489999706284550e+01
7.966155581745553604e+01
6.985386970350808156e+01
7.688738901588085639e+01
7.748973941140766897e+01
7.346376317050490456e+01
7.435111945120907251e+01
