1.089987753264377979e+01
1.089987753264377979e+01
5.591218833396644783e+01
7.724238596446896565e+01
7.666355198994583020e+01
8.085849144447995229e+01
8.681144536819753910e+01
8.168787588851918713e+01
8.273530616511928315e+01
8.748241232969199643e+01
8.981363266172911608e+01
9.231831894380425751e+01
8.919155354066400321e+01
9.052958584281194021e+01
8.677590785536230555e+01
8.636017395622590698e+01
8.731655747491711850e+01
7.971754040557196674e+01
8.889647979721448223e+01
8.795467974496777686e+01
8.554505577896077284e+01
8.790520632030236925e+01
8.522740791365217206e+01
8.455663897125498352e+01
8.266151455986907592e+01
8.529751676875237365e+01
8.512415579320145298e+01
7.708998805462276493e+01
8.853598222024969289e+01
8.303108744899819271e+01
8.503597488486160216e+01
8.539659632757664554e+01
8.645431885198561872e+01
8.742077879541825780e+01
8.513147371707772493e+01
7.852706287834102739e+01
8.471132483068366525e+01
8.572770342267754984e+01
8.895726218226502624e+01
8.306589321729018138e+01
8.322611170361400923e+01
8.220903139932079284e+01
8.370659947188747196e+01
7.326108765535491330e+01
7.291301844381186470e+01
7.265644868427109770e+01
7.247729949698828023e+01
7.266529083684238799e+01
7.041213564126206848e+01
7.710598136722308027e+01
7.228481126151025649e+01
7.411929145162747545e+01
