8.212899642818532797e+00
8.212899642818532797e+00
5.680779198790992268e+01
7.268741059613903133e+01
7.988119991660171593e+01
8.504243392645982169e+01
8.543654820628282209e+01
7.529653282487166166e+01
8.717408241735282104e+01
9.242509890391464467e+01
8.789562161235117799e+01
8.699476615954358749e+01
8.419955848784272234e+01
9.012816772024476109e+01
9.012372675437279668e+01
8.676092601400998205e+01
8.601734379143897513e+01
8.803136914458937667e+01
8.987153679927203598e+01
8.708460417117146335e+01
8.313625777662782923e+01
8.781287298537336028e+01
8.965232601530439638e+01
8.710111283410715544e+01
9.128540558431593865e+01
8.601152211273516457e+01
8.789802266455789947e+01
8.586750042306869091e+01
8.979665714907099527e+01
8.924747785752153106e+01
8.981316896298218921e+01
8.570463496515986890e+01
8.942468578904818344e+01
8.735111152889018626e+01
8.645259645622709854e+01
9.030553422902740124e+01
8.593976282751648910e+01
8.456828420095628474e+01
9.101767103005936121e+01
8.856260012749586963e+01
8.576716988403020991e+01
8.694773157409136388e+01
8.981499274905169727e+01
7.809867425814677233e+01
7.264858667490959476e+01
7.579637538771673633e+01
7.019500321295903689e+01
7.454130910250280806e+01
7.451266813824241808e+01
7.731662386828674016e+01
8.002775215114601792e+01
7.388096301334863369e+01
