-1.045551200988088958e+00
-1.045551200988088958e+00
1.578079760506068396e+01
2.753110526354479504e+01
4.438413492153969031e+01
5.271344999244325891e+01
5.444629494863961838e+01
5.721351562530369250e+01
6.318107172984239384e+01
6.400035585361831636e+01
7.070356786739199606e+01
7.581894310576896601e+01
7.454783841387541088e+01
7.538889260139637827e+01
7.576873448094993080e+01
7.422681654304115284e+01
7.027153789770241588e+01
7.219453320528388929e+01
7.431043740583011470e+01
7.919462516798303398e+01
7.901542596233250038e+01
7.697240515194650357e+01
7.946731384405458698e+01
7.733164333000270574e+01
8.403085012218539873e+01
7.949670964790894345e+01
7.944920408933253952e+01
7.713723489181828086e+01
8.106551972587548960e+01
7.789142606507432731e+01
7.873107417207666003e+01
7.561434445797155490e+01
7.779062828705013999e+01
7.658003772027807088e+01
7.609250378344128762e+01
7.454570791135361674e+01
7.921566114103893597e+01
8.034041438251992417e+01
7.815060528373651039e+01
7.706840310331338628e+01
7.675404404250866719e+01
7.950852868098805004e+01
8.122717411723540692e+01
7.740885035744891240e+01
7.656764811435502338e+01
8.142213219823933912e+01
8.129658596341680266e+01
7.754175628580307489e+01
7.450323036706603830e+01
7.765997569278167134e+01
8.262480082674760240e+01
7.975051543153328737e+01
