1.220479780848601692e+01
1.220479780848601692e+01
6.737144219903396447e+01
8.047864795491909717e+01
7.769087534754552848e+01
7.917717924048663747e+01
8.746253791719725257e+01
7.752435309442641653e+01
8.333749364268457782e+01
7.551683503960695987e+01
7.867865090170872122e+01
7.902002412689947164e+01
8.019654134357999453e+01
8.267355986812795265e+01
8.308040717849264922e+01
9.061692976651401921e+01
8.808121344570422195e+01
8.770740032581309720e+01
8.809793322102746060e+01
8.880480102613276472e+01
8.252046777697196944e+01
8.735685672477708863e+01
9.179595065314353519e+01
9.249560969816717204e+01
8.966134942863379820e+01
8.263335194184571719e+01
8.082454818733933166e+01
8.901607071475305588e+01
8.607382494695909259e+01
8.468677180257986947e+01
8.459938430483134653e+01
8.931031674355969585e+01
9.065712218499038499e+01
8.636073694725305927e+01
8.575124072420000232e+01
8.595097995395846624e+01
8.767345883236482962e+01
8.796636990517848176e+01
8.342477917178590019e+01
8.089276126729535576e+01
8.905985485535664736e+01
8.961719553730759458e+01
8.187063953016732398e+01
7.245092413058367242e+01
7.719650247939731003e+01
7.775916038221082260e+01
7.374122791163642887e+01
7.918199830490684121e+01
7.864596477955699072e+01
7.894656149039713000e+01
7.815061170213354558e+01
7.323319415135350141e+01
