1.762151362656049969e+01
1.762151362656049969e+01
6.498811037453842232e+01
7.960149106152682918e+01
7.885628189642480379e+01
7.457590654466912383e+01
8.232012276650138460e+01
7.980811675688502760e+01
7.831189389662037570e+01
7.425193074047885489e+01
7.949888331303193922e+01
8.216498387462743835e+01
7.646307626535744362e+01
8.211469070229023259e+01
7.967259049905314328e+01
7.972592796805494686e+01
8.372809542202212185e+01
8.132582352252653379e+01
7.849467053386722171e+01
8.435267179886153599e+01
7.841867693968954711e+01
7.853783613184434387e+01
7.508273124323166314e+01
8.106766105051868010e+01
8.104814344670366211e+01
7.948084438166115717e+01
7.596210135273085484e+01
7.681033888911153440e+01
8.080234281247234662e+01
7.569076761754332949e+01
8.106171816672311081e+01
8.448301006586768835e+01
8.103503607638067763e+01
7.349218532174003826e+01
7.166007962453879543e+01
7.548476363756638818e+01
7.508026676223329332e+01
7.209245586444504283e+01
7.259280820888793073e+01
7.295893834620213170e+01
7.755189935940457246e+01
7.302861605420613955e+01
7.396372999242387891e+01
7.323879711038881624e+01
7.412556334992942197e+01
7.336804439940695488e+01
7.696803360405435512e+01
7.363640897161064913e+01
7.723044830571343766e+01
7.515105296669324275e+01
7.404588560624517868e+01
7.509354689853884679e+01
