-1.711733451691741070e+00
-1.711733451691741070e+00
1.893605982481287242e+01
3.297987159712569394e+01
3.704373792724381076e+01
3.665873196750013818e+01
4.270269193269363939e+01
4.923297982135451889e+01
4.887607001499765147e+01
5.271128228776599656e+01
5.295514918252570169e+01
5.293648768734158239e+01
5.114747670007697877e+01
5.095890629038012776e+01
5.073069986661953834e+01
5.205096219711795413e+01
5.269072735456133927e+01
4.847105626347902785e+01
5.276328586618255656e+01
5.316235446701377043e+01
5.292586490367420993e+01
5.001371414514972003e+01
5.474156903073495783e+01
5.406908085698033517e+01
5.192291770895205616e+01
5.106384637217234257e+01
5.471166811775030681e+01
6.936133576372523635e+01
7.106273817462394504e+01
7.270943426850158176e+01
6.929845954984534728e+01
7.552918786061711387e+01
7.427070310975076950e+01
7.507893078894322514e+01
7.688605898375939773e+01
7.195223901466459893e+01
7.822829944226019450e+01
7.418489598336853419e+01
7.710348717781076289e+01
7.303197473374663673e+01
7.687990874935812258e+01
7.821480320920341001e+01
7.980281481551850220e+01
7.130766763277370046e+01
7.128747061100028759e+01
7.353807292107899229e+01
7.151344579352794995e+01
7.038062674492549320e+01
7.130897297018381664e+01
7.154482784963734332e+01
6.971918544461814804e+01
7.105753653017764293e+01
