-3.796191924929030570e+00
-3.796191924929030570e+00
4.577721681281916588e+00
3.037344113762211961e+01
3.188666506147827562e+01
3.645246835438994282e+01
4.252159257204519349e+01
4.496080009565351077e+01
5.144529720645594040e+01
5.031142645265575908e+01
5.336704932673556101e+01
6.129963810051278728e+01
6.875009237953909746e+01
7.863634659500894486e+01
7.929386377016130893e+01
7.772890702219689274e+01
7.884351114822445084e+01
7.817585037529583758e+01
7.996948111656467972e+01
7.726223800647403550e+01
7.749387646470086111e+01
7.996421947308306244e+01
8.019283085543420952e+01
7.794907644345741460e+01
7.706093375541728108e+01
7.863808799359962620e+01
7.759750735816615475e+01
7.531421928842904379e+01
7.439337436145112292e+01
7.688204731595212138e+01
7.507437638665309976e+01
7.912624740212405072e+01
7.665403715892354342e+01
7.462290882261729053e+01
7.822221802502436105e+01
7.843787063537999416e+01
7.732533896857785294e+01
7.574358074436968025e+01
7.529670978355650846e+01
7.505644033363488177e+01
7.911799371640572076e+01
7.417891314521394008e+01
7.642406927787054371e+01
7.260428950786142366e+01
7.241648948344300152e+01
7.102702699214046334e+01
7.035053169635202153e+01
7.036346324852607381e+01
7.147154415614409118e+01
7.081367023651957027e+01
7.102851284036516688e+01
7.350619921666347523e+01
