-5.808243115230858677e+00
-5.808243115230858677e+00
-1.035396834708122160e+00
1.579798306654580742e+01
3.485414203858016435e+01
4.684800097262457541e+01
4.849034807311145556e+01
5.233292981290325940e+01
5.390445312524913390e+01
5.882229368191688934e+01
5.972547805452133929e+01
5.836843331487982312e+01
6.063377816848731072e+01
5.972740291817807190e+01
5.812346468319022108e+01
5.818155202604282294e+01
5.975709521040052152e+01
5.859383192424339626e+01
5.570022597062993697e+01
5.792708020983458539e+01
5.904201541611087123e+01
5.835735157278180907e+01
5.949033365330817702e+01
5.723959014891490682e+01
5.950227445815380634e+01
5.995884934840536573e+01
5.660070216333242854e+01
5.747880080157332117e+01
5.815072018334149107e+01
5.748520781367987809e+01
5.821025165455794337e+01
5.888236417827674529e+01
6.371004090479997473e+01
6.977281189646537030e+01
7.082620635790428310e+01
7.172798936863607366e+01
7.150503952582019451e+01
7.264364539837995949e+01
7.149761904203430163e+01
7.197688927090133859e+01
7.174113610530407925e+01
7.106882908446387148e+01
7.125184055768548319e+01
6.968799290148244552e+01
7.105787245590651935e+01
6.948627613330452846e+01
7.015691886251484277e+01
6.946822768011803362e+01
6.993434857082051792e+01
7.167715352021699005e+01
6.943661717926363508e+01
6.969296626202257983e+01
