5.036771141883176206e+00
5.036771141883176206e+00
3.798436460495490508e+01
5.178401796071959495e+01
5.883181410160486990e+01
6.602321233499877451e+01
7.045745174025225310e+01
7.249896492818029969e+01
7.341489498737493591e+01
6.868264210081842691e+01
6.922246056735968978e+01
7.298062807277855768e+01
7.183569185197094953e+01
7.162339949059642663e+01
6.604007724765293119e+01
6.961546066535179023e+01
6.986092278293874358e+01
7.361610145141655437e+01
7.274716284118844101e+01
6.958918228369415715e+01
7.254097549201976847e+01
6.915332555425132455e+01
7.003082092612780230e+01
7.484789966072416689e+01
7.025365824377793444e+01
6.869291229377417096e+01
6.989831551581549718e+01
6.751242510110323281e+01
6.549881751490332249e+01
6.927161506324189588e+01
6.792548886128112429e+01
7.000196450627750266e+01
6.615211981195342617e+01
6.707806790104504557e+01
6.906295717959294223e+01
7.223508760413105279e+01
7.288496755410449168e+01
6.910708136425137127e+01
6.793519009833762823e+01
6.864009267493207744e+01
6.842218887345228495e+01
6.481119744265591009e+01
6.906453276358855931e+01
6.468478112709678385e+01
6.366544411382883339e+01
6.551415437191266733e+01
6.791806101687514285e+01
6.829469909667230354e+01
6.550000241777874521e+01
6.576165679129465502e+01
6.647723775264979906e+01
6.667054722001503819e+01
