-3.329742919269962353e+00
-3.329742919269962353e+00
4.696501842414528838e+00
2.347473377756444535e+01
3.088149213863441034e+01
3.309590582078771348e+01
3.490911550029159116e+01
3.354648617240867736e+01
3.420862278290159253e+01
3.817431624281986302e+01
4.020359891471127156e+01
4.088890392132416451e+01
4.065757048243772687e+01
4.066854960707276234e+01
3.891153846784129655e+01
4.478926626853832715e+01
4.749260887328874503e+01
5.309070195988797281e+01
5.527899279847412117e+01
5.146895296136392517e+01
5.286250310578391520e+01
5.375748605940824376e+01
5.459783774292323955e+01
5.396107143145280816e+01
5.173453177694590011e+01
5.311245285443111186e+01
5.287813917168502797e+01
5.042546580232436781e+01
5.490825351781911934e+01
5.086040616719286334e+01
5.130984157835344206e+01
5.222028333202818118e+01
5.130821526766003160e+01
5.358996458034200572e+01
5.244430169463767299e+01
5.267690761502226593e+01
5.718731747943777322e+01
6.009140064838238970e+01
5.931698642339383554e+01
6.967184880148508341e+01
7.075238648486853776e+01
6.934372326489067007e+01
6.733672570228482357e+01
7.283226962333749555e+01
7.107698738456535636e+01
6.851058809686784912e+01
7.133707201536068965e+01
7.032773891386730725e+01
6.938462849399840593e+01
7.142583333425066883e+01
7.254714376356746186e+01
7.255680888532609174e+01
