1.028419565819621972e+01
1.028419565819621972e+01
4.076883723919340952e+01
7.919165089463339768e+01
8.470203112684187374e+01
7.830678611302572278e+01
8.154885189746764240e+01
7.351933822412000552e+01
7.667306645096053330e+01
7.794192642228846069e+01
8.483232015362688117e+01
8.747104526153320592e+01
8.290693796245197689e+01
8.858065554894623972e+01
8.815060757302022409e+01
8.448179965710889405e+01
8.507046892834031837e+01
8.902364934731883750e+01
8.603955261955997003e+01
9.177839280554647416e+01
8.620121774636369594e+01
9.216916066730735224e+01
8.910162765285829778e+01
8.912214023754995651e+01
9.256882016027456928e+01
8.768470399022892536e+01
8.966230956707859434e+01
8.749472696186776943e+01
9.209549135661656294e+01
8.714719378038644493e+01
8.670099340656423692e+01
8.890832161325880634e+01
8.492747379242337047e+01
6.989713801196765530e+01
7.590723041362181789e+01
7.092621198134698091e+01
6.854555469163399550e+01
7.614386091320159267e+01
7.132960706483143554e+01
7.312154945338905065e+01
7.085015424806630335e+01
6.924715559493637329e+01
7.262163766517774377e+01
7.321444145093531120e+01
7.619126662839497044e+01
6.924556783424107209e+01
7.699608583521123251e+01
7.312728805481474126e+01
7.451979781800750402e+01
7.561783391653260367e+01
7.773207688593095099e+01
7.489839387945009719e+01
