5.013959527944471972e+00
5.013959527944471972e+00
5.277217204724204436e+01
7.484410977645072194e+01
7.199967657843949098e+01
8.124808467885975460e+01
8.021636821686361429e+01
7.977741471070551427e+01
8.244757231868314307e+01
8.125188854301470087e+01
8.965924971108941577e+01
8.758917802430603672e+01
8.658828923890861518e+01
8.532047553265574891e+01
8.375342684392428794e+01
8.783511729525004341e+01
8.478740432608721278e+01
8.597432334307734436e+01
8.749251856285705742e+01
8.393947823657927643e+01
7.997692097692113578e+01
8.375615343833840143e+01
8.542345050287660513e+01
8.423326992055690710e+01
8.642021974115115768e+01
8.301501636992695410e+01
7.961059542342934492e+01
8.423821358213101007e+01
8.231616657359346334e+01
8.321065566609679820e+01
8.340094307129587037e+01
8.680419348145480285e+01
8.695967972164660864e+01
7.209659946220176607e+01
7.641144722635810638e+01
7.247925972327934119e+01
7.472322790772767576e+01
7.225316706854847837e+01
7.521721853950710113e+01
7.143244607868700768e+01
7.248698624711173011e+01
7.118659126067592524e+01
7.161543549145859799e+01
7.695443046980228985e+01
7.538948455088498690e+01
7.101983531885970535e+01
6.959960728146401721e+01
7.374822388354451164e+01
7.229917274410180994e+01
7.473596468162372730e+01
7.487714710609216695e+01
7.249717338072940720e+01
