1.234945971091652517e+01
1.234945971091652517e+01
5.758265397432476362e+01
8.241978003921171592e+01
8.114628818757049089e+01
8.300193578356557111e+01
7.838345082343144554e+01
8.545198494607811313e+01
8.464759826738038839e+01
8.553488004300747605e+01
8.984716056650263738e+01
8.637821434933985643e+01
8.842532684319675695e+01
8.958353810600934253e+01
8.856712190644249461e+01
8.911823769926179750e+01
8.698145419903696052e+01
8.595914861218018643e+01
8.925996747684992272e+01
8.954215659256560400e+01
8.878510678848901705e+01
8.877303846164525680e+01
9.041139477372882993e+01
8.920564529509529450e+01
8.795574287443328387e+01
8.990881843739676071e+01
9.134242261736451951e+01
8.926594425979152447e+01
9.014579452336275267e+01
9.013058978549020139e+01
9.035256883787937454e+01
8.791295388338822647e+01
9.005640955408800608e+01
8.901468206451693277e+01
8.962559333937539918e+01
8.942440445607610400e+01
8.951446268783071503e+01
8.823641364686901056e+01
8.960230099360259715e+01
9.064787254524735260e+01
8.913245595137955490e+01
8.897330996398117975e+01
9.136505406356454273e+01
7.422498781070635232e+01
8.021481401216828999e+01
7.986417421171782394e+01
8.347294559363069766e+01
7.872736240367731853e+01
7.745975808531792950e+01
7.714218930079746883e+01
7.460611043648137297e+01
7.468954558815156020e+01
