-4.156353516694873740e+00
-4.156353516694873740e+00
6.219404166045642279e-01
1.465636720994431208e+01
2.895627943407438210e+01
3.207406316413281644e+01
3.283570601590658811e+01
3.270579726912963991e+01
4.231549535117669336e+01
4.161564442891968696e+01
4.695844668156574642e+01
5.101466507375048565e+01
4.901907454681293075e+01
4.318386968081820498e+01
4.498338109935470897e+01
4.902634520684039643e+01
4.656067711161595213e+01
4.499987462091254287e+01
4.884310011990409350e+01
5.353276795589715675e+01
5.376085761288516096e+01
5.061108593059982041e+01
5.489177431561991227e+01
5.578927953436135567e+01
5.421387055523182141e+01
5.353336552925775038e+01
5.420529042073231096e+01
5.532839410994179019e+01
5.554510430811440358e+01
5.420539307609178792e+01
5.756931104013799683e+01
5.487568534367917295e+01
5.353755215250225774e+01
5.395487279751098697e+01
5.485845790724391691e+01
5.509489390992041535e+01
5.621776743261610676e+01
5.489340423218284570e+01
5.487903602631331523e+01
5.600881630535219813e+01
5.262681958577800145e+01
5.531829726507966427e+01
5.397605076831648319e+01
4.994918067730807820e+01
4.926444464985296179e+01
4.903459461769227801e+01
4.993755079393957175e+01
4.947447412420955004e+01
5.220340208547304428e+01
5.016480893740784808e+01
4.993049464531298298e+01
5.105131335438350249e+01
