-2.307648180473719002e+00
-2.307648180473719002e+00
7.955003533544510397e+00
2.340759779512395156e+01
3.529800927566393653e+01
4.743988383109241624e+01
5.603381105943579854e+01
6.551222627476890636e+01
6.878964323527482350e+01
7.487912531493486767e+01
7.416898833951528047e+01
7.486443062536814352e+01
7.296630833623220269e+01
7.258518701957635244e+01
7.115964434744152811e+01
7.732874828104900189e+01
7.722781152732329701e+01
7.387249888861197178e+01
7.582733403344998635e+01
7.136614628299605556e+01
7.440055071764609806e+01
7.355480323832749434e+01
7.482780983083686976e+01
7.255674221010053770e+01
7.479014841993387108e+01
7.536304967309436620e+01
7.279771004934332268e+01
7.552357308005638004e+01
7.776812547474858661e+01
6.849926565859001926e+01
7.486088756913500220e+01
7.324733000441365505e+01
7.485128212885864230e+01
7.210216408546726541e+01
7.581392219169794089e+01
7.432115259170950594e+01
7.255528634423552603e+01
7.120570460880624353e+01
7.147699884373633950e+01
7.257582313234578919e+01
6.738719748668613363e+01
7.263604258053187834e+01
7.306466662743329721e+01
6.745807661301861913e+01
6.793072752940247483e+01
6.773779841076482455e+01
6.772563914238716620e+01
7.070490775634459624e+01
6.838761089682888894e+01
6.888886091199442774e+01
6.837565278419977233e+01
6.662349178246731185e+01
