-6.672064730680615785e-01
-6.672064730680615785e-01
2.216295715675456179e+01
3.944519488364878157e+01
6.423646271738104474e+01
6.579920590460251617e+01
6.997669337889230690e+01
6.666145764841215282e+01
6.931906456714264664e+01
6.955283281360046033e+01
6.474018665511758286e+01
6.821236019220400237e+01
7.048960362150697279e+01
7.092845072104861970e+01
7.046778325075217708e+01
6.848602472427795362e+01
7.071938852358405825e+01
7.031000881450009388e+01
7.290622384952216350e+01
6.915892710283898737e+01
7.054319843308505256e+01
6.753921388953516214e+01
6.981429721320698434e+01
6.848934868063702197e+01
6.628918095315984260e+01
6.545227864828373754e+01
6.535330738931520500e+01
6.918448928344069770e+01
6.465085039821886426e+01
6.490929238892503861e+01
6.600938307694633522e+01
6.627479783680409753e+01
6.492031731426961016e+01
6.867307706257260236e+01
6.392094904930936394e+01
6.599592868319643912e+01
6.648590421346425217e+01
6.503941890542810711e+01
6.464394456941050748e+01
6.614802574516379252e+01
6.647241929032006169e+01
6.466671082228761236e+01
6.821034652902991979e+01
6.692209168906114769e+01
6.778306549688272753e+01
6.754169427854421315e+01
6.840857237578345007e+01
6.617842269772172870e+01
6.822538801575322509e+01
6.841585948163542241e+01
6.781153676166579203e+01
6.800698157925310738e+01
