-4.431517058662691966e+00
-4.431517058662691966e+00
6.564655252370347194e-01
1.616364768125583140e+01
1.985199904883106115e+01
3.193457594177449366e+01
3.784901146528818572e+01
3.768105167987143744e+01
3.668951214276578554e+01
3.804748978840441254e+01
4.005515776039599984e+01
4.225226551834835220e+01
4.473702832955002862e+01
4.143603068377770882e+01
4.383397323045227267e+01
4.204082244161770632e+01
4.246120812532889488e+01
4.266370515095059091e+01
4.384634863902287094e+01
4.203687166931295138e+01
4.183622814196816364e+01
4.269750552442295088e+01
4.410488811981791457e+01
4.338722735993398771e+01
4.298551373508124129e+01
4.624665874934375154e+01
4.845959907186490057e+01
4.664466108563102864e+01
4.980778540023091949e+01
5.024114417908509722e+01
5.518616736964290936e+01
5.902133237517707443e+01
5.814251743952539897e+01
6.010680355677423137e+01
5.770248947231458203e+01
6.060202345573029703e+01
5.811973700175866497e+01
6.138614458321012535e+01
6.222134684638938040e+01
7.024525774089988772e+01
7.806702624073518848e+01
7.875709867491377736e+01
7.650671874831456876e+01
7.604244575224586811e+01
7.563843561217548483e+01
7.717431006217017853e+01
7.918686122033932406e+01
7.899583702926358342e+01
7.812923565680054594e+01
7.942266468823956416e+01
7.696182143153583866e+01
7.719144391092255830e+01
