4.296574345481035451e+00
4.296574345481035451e+00
2.592545849553276227e+01
4.778534834279220433e+01
4.913791809180585091e+01
5.629589600482425027e+01
5.971139602893271103e+01
6.306116245795290354e+01
6.241257230820211532e+01
7.418373837798398540e+01
7.684407667848748247e+01
7.361595711127367281e+01
6.720231719344879195e+01
7.393338238984543409e+01
7.059903599135616048e+01
7.529728787292796710e+01
7.362346642225749349e+01
7.329046166852839406e+01
7.928909695570925464e+01
7.143473624713905679e+01
7.582713535153179407e+01
7.309246025426280369e+01
7.789589573174600901e+01
7.844718196227819362e+01
8.128894948159026512e+01
7.735455728431513478e+01
7.698996384402080650e+01
7.084579529245043261e+01
7.860881295696962923e+01
8.264355047821659639e+01
8.145817729391121986e+01
7.915419623646012326e+01
8.122183098733202655e+01
8.310476395119431459e+01
7.776324468319849359e+01
8.160453958614499470e+01
8.308653957630274078e+01
7.781748550801366093e+01
7.623685542668997073e+01
7.300960535078181124e+01
7.556044031036572051e+01
7.878223530551831288e+01
7.930276272260353210e+01
6.794322766632220123e+01
6.698092606039770658e+01
6.717712043448582904e+01
6.881344791880724188e+01
6.859291790169474723e+01
6.609833562702768006e+01
6.677087980903922926e+01
6.829293074256763418e+01
6.610626703094264656e+01
