2.027653754118807328e+00
2.027653754118807328e+00
2.554752506874093143e+01
4.894992538042464503e+01
5.368034259193883884e+01
5.548780503400899988e+01
5.641586529294870900e+01
6.378264356649765432e+01
6.068768556373529321e+01
6.493148627287166619e+01
6.001919984244864281e+01
6.304515696410247472e+01
6.293324062828689591e+01
6.736300084362778762e+01
6.512157031888395409e+01
7.371787552735136728e+01
7.457777782101911157e+01
7.383623420071575083e+01
7.653231367333594903e+01
7.191594813242576834e+01
7.830567761325026765e+01
7.681497098700455695e+01
7.659171666838828685e+01
7.811335296995760302e+01
7.790184924142570821e+01
7.897683918354668720e+01
7.801325990240202657e+01
7.796490171088746024e+01
7.582974593502153482e+01
7.786456789720183735e+01
7.830193945397671484e+01
7.922526302729089309e+01
7.969610359331058191e+01
7.693738686729643916e+01
7.805614931054648764e+01
7.650669727110040697e+01
7.857388966409506281e+01
7.608514597151307157e+01
7.873296466532497107e+01
7.862664975709576254e+01
7.967261898720667546e+01
7.796942702220313492e+01
7.947404642810678865e+01
7.850489085267643929e+01
7.904983762765269262e+01
8.000956957615990461e+01
7.500844593845197039e+01
7.993400894447938754e+01
8.183446993287898863e+01
7.972242938217075903e+01
7.925647362850284594e+01
7.838982256609389765e+01
