-4.220956590622867211e+00
-4.220956590622867211e+00
9.634765533054405473e-02
2.210129271428534281e+01
3.151307787195707988e+01
3.916243066228702929e+01
3.707433938238657589e+01
3.937675758886817334e+01
3.886564497872810620e+01
3.916029079440222915e+01
4.442871790053303727e+01
4.445440643022586613e+01
5.395175259273523949e+01
5.480172857339263004e+01
6.640941740495080126e+01
7.128258026426033211e+01
7.421810592238975346e+01
7.174487181531982571e+01
7.375167621576431998e+01
7.667929379411532409e+01
7.084067033858434570e+01
7.083028181400023016e+01
7.466094429054778914e+01
7.241293952250290999e+01
7.084133167724931468e+01
7.488039825948919770e+01
6.974086968888215665e+01
7.240234435680264369e+01
7.308453736736652218e+01
7.129077554196899769e+01
7.240568784434654503e+01
7.172317601729642433e+01
7.217024351493084566e+01
7.329819691059890374e+01
7.198159098361301744e+01
7.127599640029440309e+01
7.423895905035121245e+01
7.328693348460808465e+01
7.329197029318976320e+01
7.443608388726897829e+01
7.306435842591645269e+01
7.105747709619443242e+01
7.735756934561723597e+01
7.197072118367975690e+01
7.375164580173711215e+01
7.242914388013599591e+01
6.972752289152872152e+01
7.081590793598834921e+01
7.242792646156672731e+01
6.995127827807223753e+01
7.018069630219926580e+01
7.086334948531391831e+01
