1.503476275606373092e+00
1.503476275606373092e+00
1.871183930067894963e+01
2.973789677388422348e+01
3.543520862832757956e+01
4.586967793281232986e+01
6.083092302714281630e+01
7.133126661512233113e+01
7.183414790672766514e+01
7.511370244301028265e+01
7.425381905531995130e+01
7.407843143057201019e+01
7.627844743204678934e+01
7.870234708082872999e+01
7.657135305532453629e+01
7.663165668887079107e+01
7.811411325382427151e+01
7.751672976889260269e+01
7.941304742167196196e+01
7.984581895839428967e+01
8.056238024638734885e+01
7.477483380013511294e+01
8.355701015303375812e+01
7.724438686660511166e+01
8.042562466089627549e+01
7.412629929884208480e+01
7.838963117830500948e+01
7.860279827828745169e+01
7.592678382274735327e+01
7.457740718612546971e+01
8.011653430468825832e+01
7.825609948388307657e+01
7.517461869295831889e+01
7.585047138178514103e+01
8.031799268437706019e+01
7.778338922230224739e+01
7.607090610266327246e+01
7.657070501236049154e+01
7.866303262280925424e+01
7.791143358576496780e+01
7.941791651449214839e+01
7.750711182659053122e+01
8.099551334143617964e+01
7.564059363619881537e+01
7.615005684282560594e+01
7.583507497192030655e+01
7.653260560931023804e+01
7.983462836250193106e+01
7.779269395588822533e+01
7.666610754199095368e+01
7.708078100674717348e+01
7.247885150539509880e+01
