9.906620368622544026e-01
9.906620368622544026e-01
2.515054363708952678e+01
3.933631157737132611e+01
5.188404569322201354e+01
5.402367565856292231e+01
6.465486960248618686e+01
7.198517429577114513e+01
7.452323394906792942e+01
6.998591229324713936e+01
7.245917173297873148e+01
6.729139466094773070e+01
7.245291603746370868e+01
7.345183746379549916e+01
7.236529695299044818e+01
6.941793890876320461e+01
7.174009253826717725e+01
7.398251139742221483e+01
7.643808373117539645e+01
7.493987884028247493e+01
7.218542627936687950e+01
7.124353781408194664e+01
7.281534036231343521e+01
7.347889149106690354e+01
7.268850319691527773e+01
7.349274709421088403e+01
7.575396466821109698e+01
6.922591576226905374e+01
7.169209718755921301e+01
7.663052897202210545e+01
7.553889141531838902e+01
7.441165870124822845e+01
7.421234054834040705e+01
7.359079775263072065e+01
7.484007031774203256e+01
7.534699618487097439e+01
7.171586246950104737e+01
7.304624114837778848e+01
7.462448816618496039e+01
7.666046847256548347e+01
7.574772481233520693e+01
7.352895148751494503e+01
7.468324104947961928e+01
7.496663592906163842e+01
7.913171436517889390e+01
7.300722616312336299e+01
7.186501692181778367e+01
7.477132506316175409e+01
7.567910242864861914e+01
7.611707493758180476e+01
7.276536535909774273e+01
7.410513308406584088e+01
