5.701354799471556589e+01
5.701354799471556589e+01
5.701354799471556589e+01
5.701354799471556589e+01
9.479051384715857864e+01
9.479051384715857864e+01
9.479051384715857864e+01
9.479051384715857864e+01
9.479051384715857864e+01
9.479051384715857864e+01
9.479051384715857864e+01
9.479051384715857864e+01
9.479051384715857864e+01
9.479051384715857864e+01
9.479051384715857864e+01
9.479051384715857864e+01
9.479051384715857864e+01
9.479051384715857864e+01
9.479051384715857864e+01
9.479051384715857864e+01
9.479051384715857864e+01
9.479051384715857864e+01
9.479051384715857864e+01
9.479051384715857864e+01
9.479051384715857864e+01
9.479051384715857864e+01
9.479051384715857864e+01
9.479051384715857864e+01
9.479051384715857864e+01
9.490013357217580392e+01
9.490013357217580392e+01
9.490013357217580392e+01
9.490013357217580392e+01
9.490013357217580392e+01
9.490013357217580392e+01
9.490013357217580392e+01
9.490013357217580392e+01
9.490013357217580392e+01
9.490013357217580392e+01
9.490013357217580392e+01
9.490013357217580392e+01
9.490013357217580392e+01
9.490013357217580392e+01
9.490013357217580392e+01
9.490013357217580392e+01
9.490013357217580392e+01
9.490013357217580392e+01
9.490013357217580392e+01
9.490013357217580392e+01
9.490013357217580392e+01
9.490013357217580392e+01
9.490013357217580392e+01
