2.126990021702642508e+01
2.126990021702642508e+01
2.126990021702642508e+01
4.818288884003679584e+01
4.818288884003679584e+01
4.818288884003679584e+01
5.707842158035618496e+01
5.707842158035618496e+01
5.707842158035618496e+01
5.707842158035618496e+01
5.707842158035618496e+01
5.707842158035618496e+01
5.707842158035618496e+01
5.707842158035618496e+01
5.707842158035618496e+01
5.707842158035618496e+01
5.707842158035618496e+01
5.707842158035618496e+01
5.707842158035618496e+01
5.707842158035618496e+01
5.707842158035618496e+01
5.707842158035618496e+01
5.726990021702642508e+01
5.726990021702642508e+01
5.726990021702642508e+01
5.726990021702642508e+01
5.726990021702642508e+01
7.524425778641308682e+01
7.524425778641308682e+01
7.524425778641308682e+01
7.524425778641308682e+01
7.524425778641308682e+01
7.524425778641308682e+01
7.524425778641308682e+01
7.524425778641308682e+01
7.524425778641308682e+01
7.524425778641308682e+01
9.491859563501553509e+01
9.491859563501553509e+01
9.491859563501553509e+01
9.491859563501553509e+01
9.491859563501553509e+01
9.491859563501553509e+01
9.491859563501553509e+01
9.491859563501553509e+01
9.491859563501553509e+01
9.491859563501553509e+01
9.491859563501553509e+01
9.491859563501553509e+01
9.491859563501553509e+01
9.491859563501553509e+01
9.491859563501553509e+01
