3.917991706964763665e+01
3.917991706964763665e+01
3.917991706964763665e+01
4.801354799471556589e+01
4.801354799471556589e+01
4.830626786119729843e+01
5.701858578874551853e+01
5.701858578874551853e+01
5.701858578874551853e+01
5.701858578874551853e+01
6.601354799471556589e+01
7.512226421822036571e+01
9.490013357217580392e+01
9.490013357217580392e+01
9.490013357217580392e+01
9.490013357217580392e+01
9.490013357217580392e+01
9.490013357217580392e+01
9.490013357217580392e+01
9.490013357217580392e+01
9.490013357217580392e+01
9.490013357217580392e+01
9.490013357217580392e+01
9.490013357217580392e+01
9.490013357217580392e+01
9.490013357217580392e+01
9.490013357217580392e+01
9.490013357217580392e+01
9.490013357217580392e+01
9.490013357217580392e+01
9.490013357217580392e+01
9.490013357217580392e+01
9.490013357217580392e+01
9.490013357217580392e+01
9.490013357217580392e+01
9.490013357217580392e+01
9.490013357217580392e+01
9.490013357217580392e+01
9.490013357217580392e+01
9.490013357217580392e+01
9.490013357217580392e+01
9.490013357217580392e+01
9.490013357217580392e+01
9.490013357217580392e+01
9.490013357217580392e+01
9.490013357217580392e+01
9.490013357217580392e+01
9.490013357217580392e+01
9.490013357217580392e+01
9.490013357217580392e+01
9.490013357217580392e+01
9.490013357217580392e+01
