6.620090734553947698e+01
6.620090734553947698e+01
6.620090734553947698e+01
7.474233241211736356e+01
7.474233241211736356e+01
7.474233241211736356e+01
7.474233241211736356e+01
7.476951855242151623e+01
7.489297711225773924e+01
7.489297711225773924e+01
7.489297711225773924e+01
7.489297711225773924e+01
8.819342407327508226e+01
8.819342407327508226e+01
8.819342407327508226e+01
8.819342407327508226e+01
8.819342407327508226e+01
8.819342407327508226e+01
8.931112204166711876e+01
8.931112204166711876e+01
8.931112204166711876e+01
8.931112204166711876e+01
8.931112204166711876e+01
8.931112204166711876e+01
8.931112204166711876e+01
8.931112204166711876e+01
8.931112204166711876e+01
8.931112204166711876e+01
8.931112204166711876e+01
8.931112204166711876e+01
8.931112204166711876e+01
8.931112204166711876e+01
8.931112204166711876e+01
8.931112204166711876e+01
8.931112204166711876e+01
8.931112204166711876e+01
8.931112204166711876e+01
8.931112204166711876e+01
8.961379137609949908e+01
8.961379137609949908e+01
8.961379137609949908e+01
8.975736716631762135e+01
9.152926227199750997e+01
9.152926227199750997e+01
9.152926227199750997e+01
9.152926227199750997e+01
9.152926227199750997e+01
9.152926227199750997e+01
9.152926227199750997e+01
9.152926227199750997e+01
9.152926227199750997e+01
9.152926227199750997e+01
