8.942326625757942793e+01
8.942326625757942793e+01
9.264704041507837928e+01
9.264704041507837928e+01
9.264704041507837928e+01
9.264704041507837928e+01
9.269061166337202451e+01
9.269061166337202451e+01
9.269061166337202451e+01
9.269061166337202451e+01
9.269061166337202451e+01
9.269061166337202451e+01
9.269061166337202451e+01
9.333616819497439110e+01
9.333616819497439110e+01
9.333616819497439110e+01
9.334041448585583112e+01
9.340956741322126788e+01
9.340956741322126788e+01
9.340956741322126788e+01
9.340956741322126788e+01
9.340956741322126788e+01
9.340956741322126788e+01
9.340956741322126788e+01
9.340956741322126788e+01
9.340956741322126788e+01
9.340956741322126788e+01
9.340956741322126788e+01
9.340956741322126788e+01
9.340956741322126788e+01
9.340956741322126788e+01
9.340956741322126788e+01
9.340956741322126788e+01
9.340956741322126788e+01
9.340956741322126788e+01
9.340956741322126788e+01
9.340956741322126788e+01
9.340956741322126788e+01
9.340956741322126788e+01
9.340956741322126788e+01
9.340956741322126788e+01
9.357611947915371786e+01
9.357611947915371786e+01
9.357611947915371786e+01
9.357611947915371786e+01
9.357611947915371786e+01
9.357611947915371786e+01
9.393740496697303399e+01
9.393740496697303399e+01
9.393740496697303399e+01
9.393740496697303399e+01
9.393740496697303399e+01
