3.013070308686622667e+01
3.013070308686622667e+01
3.901354799471556589e+01
3.901354799471556589e+01
3.928297229859377637e+01
3.928297229859377637e+01
4.818885900702329650e+01
5.704416263053516900e+01
5.711946701359929790e+01
5.711946701359929790e+01
5.711946701359929790e+01
5.711946701359929790e+01
5.711946701359929790e+01
5.711946701359929790e+01
5.711946701359929790e+01
6.612226421822036571e+01
6.612226421822036571e+01
6.612226421822036571e+01
6.612226421822036571e+01
6.612226421822036571e+01
6.612226421822036571e+01
6.612226421822036571e+01
6.612226421822036571e+01
6.612226421822036571e+01
6.612226421822036571e+01
6.612226421822036571e+01
6.612226421822036571e+01
6.612226421822036571e+01
6.612226421822036571e+01
6.612226421822036571e+01
6.612226421822036571e+01
6.612226421822036571e+01
6.612226421822036571e+01
6.612226421822036571e+01
6.612226421822036571e+01
6.612226421822036571e+01
6.612226421822036571e+01
6.612226421822036571e+01
6.612226421822036571e+01
6.612226421822036571e+01
6.612226421822036571e+01
6.612226421822036571e+01
6.612226421822036571e+01
6.612226421822036571e+01
6.612226421822036571e+01
6.612226421822036571e+01
6.612226421822036571e+01
6.612226421822036571e+01
6.612226421822036571e+01
6.612226421822036571e+01
6.612226421822036571e+01
6.612226421822036571e+01
