9.191240366476762347e+01
9.191240366476762347e+01
9.191240366476762347e+01
9.191240366476762347e+01
9.198936470590373915e+01
9.269061166337202451e+01
9.300278772623587997e+01
9.320278772623588281e+01
9.320278772623588281e+01
9.320278772623588281e+01
9.320278772623588281e+01
9.320278772623588281e+01
9.320278772623588281e+01
9.320278772623588281e+01
9.320278772623588281e+01
9.320278772623588281e+01
9.320278772623588281e+01
9.320278772623588281e+01
9.320278772623588281e+01
9.320278772623588281e+01
9.320278772623588281e+01
9.320278772623588281e+01
9.320278772623588281e+01
9.320278772623588281e+01
9.320278772623588281e+01
9.320278772623588281e+01
9.320278772623588281e+01
9.320278772623588281e+01
9.320278772623588281e+01
9.320278772623588281e+01
9.320278772623588281e+01
9.320278772623588281e+01
9.320278772623588281e+01
9.320278772623588281e+01
9.320278772623588281e+01
9.320278772623588281e+01
9.320278772623588281e+01
9.320278772623588281e+01
9.320278772623588281e+01
9.320278772623588281e+01
9.320278772623588281e+01
9.320278772623588281e+01
9.320278772623588281e+01
9.320278772623588281e+01
9.320278772623588281e+01
9.320278772623588281e+01
9.320278772623588281e+01
9.320278772623588281e+01
9.320278772623588281e+01
9.320278772623588281e+01
9.320278772623588281e+01
9.320278772623588281e+01
