9.204704041507837076e+01
9.204704041507837076e+01
9.240150296873416380e+01
9.257237888630936595e+01
9.257237888630936595e+01
9.257237888630936595e+01
9.257237888630936595e+01
9.257237888630936595e+01
9.269061166337202451e+01
9.269061166337202451e+01
9.353214184093667427e+01
9.353214184093667427e+01
9.353214184093667427e+01
9.353214184093667427e+01
9.353214184093667427e+01
9.353214184093667427e+01
9.353214184093667427e+01
9.353214184093667427e+01
9.353214184093667427e+01
9.353214184093667427e+01
9.353214184093667427e+01
9.353214184093667427e+01
9.353214184093667427e+01
9.353214184093667427e+01
9.353214184093667427e+01
9.353214184093667427e+01
9.353214184093667427e+01
9.353214184093667427e+01
9.353214184093667427e+01
9.353214184093667427e+01
9.353214184093667427e+01
9.353214184093667427e+01
9.353214184093667427e+01
9.353214184093667427e+01
9.353214184093667427e+01
9.353214184093667427e+01
9.353214184093667427e+01
9.353214184093667427e+01
9.353214184093667427e+01
9.353214184093667427e+01
9.353214184093667427e+01
9.353214184093667427e+01
9.353214184093667427e+01
9.353214184093667427e+01
9.353214184093667427e+01
9.353214184093667427e+01
9.353214184093667427e+01
9.353214184093667427e+01
9.353214184093667427e+01
9.353214184093667427e+01
9.353214184093667427e+01
9.353214184093667427e+01
