9.149061166337202167e+01
9.149061166337202167e+01
9.280150296873416949e+01
9.280150296873416949e+01
9.280150296873416949e+01
9.280150296873416949e+01
9.280150296873416949e+01
9.280150296873416949e+01
9.280150296873416949e+01
9.320704314910979349e+01
9.320704314910979349e+01
9.333740496697303968e+01
9.333740496697303968e+01
9.333740496697303968e+01
9.333740496697303968e+01
9.333740496697303968e+01
9.333740496697303968e+01
9.333740496697303968e+01
9.333740496697303968e+01
9.333740496697303968e+01
9.333740496697303968e+01
9.333740496697303968e+01
9.333740496697303968e+01
9.333740496697303968e+01
9.333740496697303968e+01
9.333740496697303968e+01
9.333740496697303968e+01
9.333740496697303968e+01
9.333740496697303968e+01
9.333740496697303968e+01
9.333740496697303968e+01
9.333740496697303968e+01
9.333740496697303968e+01
9.333740496697303968e+01
9.333740496697303968e+01
9.333740496697303968e+01
9.333740496697303968e+01
9.333740496697303968e+01
9.333740496697303968e+01
9.333740496697303968e+01
9.333740496697303968e+01
9.333740496697303968e+01
9.333740496697303968e+01
9.333740496697303968e+01
9.333740496697303968e+01
9.333740496697303968e+01
9.333740496697303968e+01
9.333740496697303968e+01
9.333740496697303968e+01
9.333740496697303968e+01
9.333740496697303968e+01
9.333740496697303968e+01
