3.901354799471556589e+01
3.901354799471556589e+01
4.802364909070206522e+01
6.592926227199751565e+01
6.592926227199751565e+01
8.860090734553948266e+01
6.626990021702643219e+01
6.626990021702643219e+01
6.626990021702643219e+01
9.478506424239101591e+01
9.478506424239101591e+01
9.478506424239101591e+01
9.478506424239101591e+01
9.478506424239101591e+01
9.478506424239101591e+01
9.478506424239101591e+01
9.478506424239101591e+01
9.478506424239101591e+01
9.478506424239101591e+01
9.478506424239101591e+01
9.478506424239101591e+01
9.478506424239101591e+01
9.478506424239101591e+01
9.478506424239101591e+01
9.485250552318655082e+01
9.485250552318655082e+01
9.485250552318655082e+01
9.485250552318655082e+01
9.485250552318655082e+01
9.485250552318655082e+01
9.485250552318655082e+01
9.485250552318655082e+01
9.485250552318655082e+01
9.485250552318655082e+01
9.485250552318655082e+01
9.485250552318655082e+01
9.485250552318655082e+01
9.485250552318655082e+01
9.485250552318655082e+01
9.491859563501553509e+01
9.491859563501553509e+01
9.491859563501553509e+01
9.491859563501553509e+01
9.491859563501553509e+01
9.491859563501553509e+01
9.491859563501553509e+01
9.491859563501553509e+01
9.491859563501553509e+01
9.491859563501553509e+01
9.491859563501553509e+01
9.491859563501553509e+01
9.491859563501553509e+01
