-5.198497031265826074e+00
-5.198497031265826074e+00
3.917399989261954829e+01
5.726990021702642508e+01
5.726990021702642508e+01
7.526990021702643219e+01
7.526990021702643219e+01
7.526990021702643219e+01
7.526990021702643219e+01
7.526990021702643219e+01
7.526990021702643219e+01
7.526990021702643219e+01
7.526990021702643219e+01
7.526990021702643219e+01
7.526990021702643219e+01
7.526990021702643219e+01
7.526990021702643219e+01
7.526990021702643219e+01
7.526990021702643219e+01
7.526990021702643219e+01
7.526990021702643219e+01
7.526990021702643219e+01
7.526990021702643219e+01
7.526990021702643219e+01
7.526990021702643219e+01
7.526990021702643219e+01
7.526990021702643219e+01
7.526990021702643219e+01
7.526990021702643219e+01
7.526990021702643219e+01
9.425833644349734186e+01
9.425833644349734186e+01
9.425833644349734186e+01
9.425833644349734186e+01
9.425833644349734186e+01
9.425833644349734186e+01
9.425833644349734186e+01
9.425833644349734186e+01
9.425833644349734186e+01
9.425833644349734186e+01
9.425833644349734186e+01
9.425833644349734186e+01
9.425833644349734186e+01
9.425833644349734186e+01
9.425833644349734186e+01
9.425833644349734186e+01
9.425833644349734186e+01
9.425833644349734186e+01
9.425833644349734186e+01
9.425833644349734186e+01
9.425833644349734186e+01
9.425833644349734186e+01
