3.940528862039816005e+01
3.940528862039816005e+01
3.940528862039816005e+01
4.817991706964763665e+01
7.519788162462293712e+01
8.561003982910274601e+01
8.921858578874552848e+01
8.741858578874553132e+01
8.872465396891131206e+01
8.872465396891131206e+01
8.872465396891131206e+01
8.872465396891131206e+01
8.872465396891131206e+01
8.906877351051686276e+01
8.906877351051686276e+01
8.919342407327508226e+01
8.919342407327508226e+01
8.919342407327508226e+01
9.155974528872258134e+01
9.155974528872258134e+01
9.155974528872258134e+01
9.155974528872258134e+01
9.155974528872258134e+01
9.155974528872258134e+01
9.155974528872258134e+01
9.155974528872258134e+01
9.155974528872258134e+01
9.155974528872258134e+01
9.155974528872258134e+01
9.175974528872258418e+01
9.175974528872258418e+01
9.175974528872258418e+01
9.175974528872258418e+01
9.175974528872258418e+01
9.175974528872258418e+01
9.175974528872258418e+01
9.175974528872258418e+01
9.175974528872258418e+01
9.175974528872258418e+01
9.175974528872258418e+01
9.175974528872258418e+01
9.175974528872258418e+01
9.175974528872258418e+01
9.175974528872258418e+01
9.175974528872258418e+01
9.175974528872258418e+01
9.175974528872258418e+01
9.175974528872258418e+01
9.175974528872258418e+01
9.175974528872258418e+01
9.175974528872258418e+01
9.175974528872258418e+01
