6.574233241211736356e+01
6.574233241211736356e+01
7.475002475774051902e+01
7.475002475774051902e+01
8.578339389891513633e+01
8.578339389891513633e+01
8.578339389891513633e+01
8.578339389891513633e+01
8.578339389891513633e+01
8.578339389891513633e+01
8.578339389891513633e+01
8.578339389891513633e+01
8.578339389891513633e+01
8.640968459414685299e+01
8.640968459414685299e+01
8.640968459414685299e+01
8.640968459414685299e+01
8.640968459414685299e+01
8.640968459414685299e+01
8.720968459414686436e+01
8.720968459414686436e+01
8.720968459414686436e+01
8.720968459414686436e+01
8.720968459414686436e+01
8.720968459414686436e+01
8.859342407327507374e+01
8.859342407327507374e+01
8.859342407327507374e+01
8.941585110906251543e+01
8.941585110906251543e+01
8.941585110906251543e+01
8.941585110906251543e+01
8.941585110906251543e+01
8.941585110906251543e+01
8.941585110906251543e+01
8.941585110906251543e+01
8.941585110906251543e+01
8.941585110906251543e+01
8.941585110906251543e+01
8.941585110906251543e+01
8.941585110906251543e+01
8.941585110906251543e+01
8.941585110906251543e+01
9.012695546589959861e+01
9.012695546589959861e+01
9.012695546589959861e+01
9.175974528872258418e+01
9.175974528872258418e+01
9.175974528872258418e+01
9.175974528872258418e+01
9.175974528872258418e+01
9.175974528872258418e+01
