8.957065437104556338e+01
8.957065437104556338e+01
9.149061166337202167e+01
9.225124010962183263e+01
9.269061166337202451e+01
9.269061166337202451e+01
9.387603602059674301e+01
9.387603602059674301e+01
9.387603602059674301e+01
9.387603602059674301e+01
9.387603602059674301e+01
9.387603602059674301e+01
9.387603602059674301e+01
9.387603602059674301e+01
9.387603602059674301e+01
9.387603602059674301e+01
9.387603602059674301e+01
9.387603602059674301e+01
9.387603602059674301e+01
9.387603602059674301e+01
9.387603602059674301e+01
9.387603602059674301e+01
9.387603602059674301e+01
9.387603602059674301e+01
9.387603602059674301e+01
9.387603602059674301e+01
9.387603602059674301e+01
9.387603602059674301e+01
9.387603602059674301e+01
9.387603602059674301e+01
9.387603602059674301e+01
9.387603602059674301e+01
9.387603602059674301e+01
9.387603602059674301e+01
9.387603602059674301e+01
9.387603602059674301e+01
9.387603602059674301e+01
9.387603602059674301e+01
9.387603602059674301e+01
9.387603602059674301e+01
9.387603602059674301e+01
9.387603602059674301e+01
9.387603602059674301e+01
9.387603602059674301e+01
9.387603602059674301e+01
9.387603602059674301e+01
9.387603602059674301e+01
9.387603602059674301e+01
9.387603602059674301e+01
9.387603602059674301e+01
9.387603602059674301e+01
9.387603602059674301e+01
