2.258115939220340351e+01
2.258115939220340351e+01
3.037959913428284864e+01
7.474424995824662687e+01
7.477148899640882007e+01
7.477148899640882007e+01
7.477148899640882007e+01
8.623879267830493234e+01
8.623879267830493234e+01
8.623879267830493234e+01
8.623879267830493234e+01
8.724935744741227950e+01
8.724935744741227950e+01
8.724935744741227950e+01
8.724935744741227950e+01
8.919342407327508226e+01
8.919342407327508226e+01
8.919342407327508226e+01
8.919342407327508226e+01
8.919342407327508226e+01
8.919342407327508226e+01
8.919342407327508226e+01
8.919342407327508226e+01
8.919342407327508226e+01
8.919342407327508226e+01
8.919342407327508226e+01
8.919342407327508226e+01
8.919342407327508226e+01
8.919342407327508226e+01
8.919342407327508226e+01
8.919342407327508226e+01
8.919342407327508226e+01
8.919342407327508226e+01
8.919342407327508226e+01
8.919342407327508226e+01
8.919342407327508226e+01
8.919342407327508226e+01
8.919342407327508226e+01
8.919342407327508226e+01
8.919342407327508226e+01
8.919342407327508226e+01
8.919342407327508226e+01
8.919342407327508226e+01
8.919342407327508226e+01
8.919342407327508226e+01
8.919342407327508226e+01
8.919342407327508226e+01
8.919342407327508226e+01
8.919342407327508226e+01
8.919342407327508226e+01
8.919342407327508226e+01
8.919342407327508226e+01
