5.674233241211736356e+01
5.674233241211736356e+01
5.674233241211736356e+01
6.576951855242151623e+01
6.576951855242151623e+01
6.576951855242151623e+01
7.488410787451697104e+01
8.679342407327507658e+01
8.745457939139342329e+01
8.864416263053516332e+01
8.864416263053516332e+01
8.864416263053516332e+01
8.864416263053516332e+01
8.864416263053516332e+01
8.864416263053516332e+01
8.864416263053516332e+01
8.864416263053516332e+01
8.864416263053516332e+01
8.864416263053516332e+01
8.975974528872258418e+01
8.975974528872258418e+01
8.975974528872258418e+01
8.975974528872258418e+01
8.975974528872258418e+01
8.975974528872258418e+01
8.975974528872258418e+01
8.975974528872258418e+01
8.975974528872258418e+01
8.975974528872258418e+01
8.975974528872258418e+01
8.975974528872258418e+01
8.975974528872258418e+01
8.975974528872258418e+01
8.975974528872258418e+01
8.975974528872258418e+01
8.975974528872258418e+01
8.975974528872258418e+01
8.975974528872258418e+01
8.975974528872258418e+01
8.975974528872258418e+01
8.975974528872258418e+01
8.975974528872258418e+01
8.975974528872258418e+01
8.975974528872258418e+01
8.975974528872258418e+01
8.975974528872258418e+01
8.975974528872258418e+01
8.975974528872258418e+01
8.975974528872258418e+01
8.975974528872258418e+01
8.975974528872258418e+01
8.975974528872258418e+01
