9.149061166337202167e+01
9.149061166337202167e+01
9.149061166337202167e+01
9.149061166337202167e+01
9.209061166337201598e+01
9.269061166337202451e+01
9.269061166337202451e+01
9.269061166337202451e+01
9.269061166337202451e+01
9.269061166337202451e+01
9.269061166337202451e+01
9.269061166337202451e+01
9.269874178945526921e+01
9.269874178945526921e+01
9.269874178945526921e+01
9.269874178945526921e+01
9.269874178945526921e+01
9.269874178945526921e+01
9.269874178945526921e+01
9.269874178945526921e+01
9.300278772623587997e+01
9.340956741322126788e+01
9.340956741322126788e+01
9.340956741322126788e+01
9.340956741322126788e+01
9.340956741322126788e+01
9.340956741322126788e+01
9.340956741322126788e+01
9.340956741322126788e+01
9.340956741322126788e+01
9.340956741322126788e+01
9.340956741322126788e+01
9.340956741322126788e+01
9.340956741322126788e+01
9.340956741322126788e+01
9.340956741322126788e+01
9.340956741322126788e+01
9.340956741322126788e+01
9.340956741322126788e+01
9.340956741322126788e+01
9.340956741322126788e+01
9.340956741322126788e+01
9.340956741322126788e+01
9.340956741322126788e+01
9.340956741322126788e+01
9.340956741322126788e+01
9.340956741322126788e+01
9.340956741322126788e+01
9.340956741322126788e+01
9.340956741322126788e+01
9.340956741322126788e+01
9.340956741322126788e+01
