3.901354799471556589e+01
3.901354799471556589e+01
4.801354799471556589e+01
6.612226421822036571e+01
6.615067522005314515e+01
6.615067522005314515e+01
6.615067522005314515e+01
9.491859563501553509e+01
9.491859563501553509e+01
9.491859563501553509e+01
9.491859563501553509e+01
9.491859563501553509e+01
9.491859563501553509e+01
9.491859563501553509e+01
9.491859563501553509e+01
9.491859563501553509e+01
9.491859563501553509e+01
9.491859563501553509e+01
9.491859563501553509e+01
9.491859563501553509e+01
9.491859563501553509e+01
9.491859563501553509e+01
9.491859563501553509e+01
9.491859563501553509e+01
9.491859563501553509e+01
9.491859563501553509e+01
9.491859563501553509e+01
9.491859563501553509e+01
9.491859563501553509e+01
9.491859563501553509e+01
9.491859563501553509e+01
9.491859563501553509e+01
9.491859563501553509e+01
9.491859563501553509e+01
9.491859563501553509e+01
9.491859563501553509e+01
9.491859563501553509e+01
9.491859563501553509e+01
9.491859563501553509e+01
9.491859563501553509e+01
9.491859563501553509e+01
9.491859563501553509e+01
9.491859563501553509e+01
9.491859563501553509e+01
9.491859563501553509e+01
9.491859563501553509e+01
9.491859563501553509e+01
9.491859563501553509e+01
9.491859563501553509e+01
9.491859563501553509e+01
9.491859563501553509e+01
9.491859563501553509e+01
