3.038687189361192864e+01
3.038687189361192864e+01
5.746661051127247788e+01
6.606246379491757637e+01
8.899342407327507942e+01
8.899342407327507942e+01
8.899342407327507942e+01
8.899342407327507942e+01
8.899342407327507942e+01
8.899342407327507942e+01
8.899342407327507942e+01
8.899342407327507942e+01
8.899342407327507942e+01
9.041379137609949623e+01
9.041379137609949623e+01
9.041379137609949623e+01
9.041379137609949623e+01
9.041379137609949623e+01
9.041379137609949623e+01
9.041379137609949623e+01
9.041379137609949623e+01
9.041379137609949623e+01
9.041379137609949623e+01
9.041379137609949623e+01
9.041379137609949623e+01
9.041379137609949623e+01
9.041379137609949623e+01
9.041379137609949623e+01
9.041379137609949623e+01
9.041379137609949623e+01
9.041379137609949623e+01
9.041379137609949623e+01
9.041379137609949623e+01
9.041379137609949623e+01
9.041379137609949623e+01
9.041379137609949623e+01
9.041379137609949623e+01
9.041379137609949623e+01
9.041379137609949623e+01
9.041379137609949623e+01
9.041379137609949623e+01
9.152926227199750997e+01
9.152926227199750997e+01
9.152926227199750997e+01
9.152926227199750997e+01
9.152926227199750997e+01
9.152926227199750997e+01
9.152926227199750997e+01
9.152926227199750997e+01
9.152926227199750997e+01
9.152926227199750997e+01
9.173157441175588644e+01
