5.674233241211736356e+01
5.674233241211736356e+01
7.475583309933625742e+01
8.641173587691740465e+01
8.641173587691740465e+01
8.641173587691740465e+01
8.641173587691740465e+01
8.641173587691740465e+01
8.641173587691740465e+01
8.641173587691740465e+01
8.641173587691740465e+01
8.641173587691740465e+01
8.641173587691740465e+01
8.641173587691740465e+01
8.641173587691740465e+01
8.641173587691740465e+01
8.641173587691740465e+01
8.641173587691740465e+01
8.641173587691740465e+01
8.641173587691740465e+01
8.641173587691740465e+01
8.641173587691740465e+01
8.641173587691740465e+01
8.659140997390336736e+01
8.659140997390336736e+01
8.659140997390336736e+01
8.659140997390336736e+01
8.659140997390336736e+01
8.659140997390336736e+01
8.659140997390336736e+01
8.659140997390336736e+01
8.659140997390336736e+01
8.659140997390336736e+01
8.659140997390336736e+01
8.659140997390336736e+01
8.659140997390336736e+01
8.659140997390336736e+01
8.659140997390336736e+01
8.659140997390336736e+01
8.659140997390336736e+01
8.659140997390336736e+01
8.659140997390336736e+01
8.659140997390336736e+01
8.659140997390336736e+01
8.659140997390336736e+01
8.659140997390336736e+01
8.659140997390336736e+01
8.659140997390336736e+01
8.659140997390336736e+01
8.659140997390336736e+01
8.659140997390336736e+01
8.659140997390336736e+01
