3.901354799471556589e+01
3.901354799471556589e+01
3.912226421822035860e+01
3.912226421822035860e+01
5.711946701359929790e+01
5.711946701359929790e+01
6.620090734553947698e+01
6.620090734553947698e+01
6.620090734553947698e+01
6.620090734553947698e+01
6.620090734553947698e+01
6.620090734553947698e+01
6.620090734553947698e+01
6.620090734553947698e+01
6.620090734553947698e+01
6.620090734553947698e+01
6.620090734553947698e+01
6.620090734553947698e+01
6.620090734553947698e+01
6.620090734553947698e+01
6.620090734553947698e+01
6.620090734553947698e+01
6.620090734553947698e+01
6.620090734553947698e+01
8.854206684551654405e+01
8.854206684551654405e+01
8.854206684551654405e+01
9.490013357217580392e+01
9.490013357217580392e+01
9.490013357217580392e+01
9.490013357217580392e+01
9.490013357217580392e+01
9.490013357217580392e+01
9.490013357217580392e+01
9.490013357217580392e+01
9.490013357217580392e+01
9.490013357217580392e+01
9.490013357217580392e+01
9.490013357217580392e+01
9.490013357217580392e+01
9.490013357217580392e+01
9.490013357217580392e+01
9.490013357217580392e+01
9.490013357217580392e+01
9.490013357217580392e+01
9.490013357217580392e+01
9.490013357217580392e+01
9.490013357217580392e+01
9.490013357217580392e+01
9.490013357217580392e+01
9.490013357217580392e+01
9.490013357217580392e+01
