6.528098684561473419e+01
6.528098684561473419e+01
6.528098684561473419e+01
6.574233241211736356e+01
6.574233241211736356e+01
6.588190280195864545e+01
6.588190280195864545e+01
8.639140997390336452e+01
8.741379137609949623e+01
8.741379137609949623e+01
8.741379137609949623e+01
8.741379137609949623e+01
8.741379137609949623e+01
8.741379137609949623e+01
8.741379137609949623e+01
8.741379137609949623e+01
8.815974528872258986e+01
8.875974528872258418e+01
8.875974528872258418e+01
8.875974528872258418e+01
8.875974528872258418e+01
8.899342407327507942e+01
8.899342407327507942e+01
8.899342407327507942e+01
8.919342407327508226e+01
8.919342407327508226e+01
8.919342407327508226e+01
8.919342407327508226e+01
8.919342407327508226e+01
8.919342407327508226e+01
8.919342407327508226e+01
8.922111423509888084e+01
8.922111423509888084e+01
8.922111423509888084e+01
8.922111423509888084e+01
8.922111423509888084e+01
8.935736716631762988e+01
8.935736716631762988e+01
8.935736716631762988e+01
8.935974528872259270e+01
8.935974528872259270e+01
8.935974528872259270e+01
8.935974528872259270e+01
8.935974528872259270e+01
8.935974528872259270e+01
8.935974528872259270e+01
8.935974528872259270e+01
8.935974528872259270e+01
8.935974528872259270e+01
8.935974528872259270e+01
8.935974528872259270e+01
8.935974528872259270e+01
