8.800956741322126220e+01
8.800956741322126220e+01
9.200150296873417233e+01
9.209061166337201598e+01
9.209061166337201598e+01
9.269061166337202451e+01
9.269061166337202451e+01
9.269061166337202451e+01
9.269061166337202451e+01
9.269061166337202451e+01
9.320704314910979349e+01
9.320704314910979349e+01
9.320704314910979349e+01
9.320704314910979349e+01
9.320704314910979349e+01
9.320704314910979349e+01
9.320704314910979349e+01
9.320704314910979349e+01
9.333740496697303968e+01
9.333740496697303968e+01
9.333740496697303968e+01
9.333740496697303968e+01
9.333740496697303968e+01
9.333740496697303968e+01
9.333740496697303968e+01
9.333740496697303968e+01
9.333740496697303968e+01
9.333740496697303968e+01
9.333740496697303968e+01
9.333740496697303968e+01
9.333740496697303968e+01
9.333740496697303968e+01
9.333740496697303968e+01
9.333740496697303968e+01
9.333740496697303968e+01
9.333740496697303968e+01
9.333740496697303968e+01
9.333740496697303968e+01
9.333740496697303968e+01
9.333740496697303968e+01
9.333740496697303968e+01
9.333740496697303968e+01
9.333740496697303968e+01
9.333740496697303968e+01
9.333740496697303968e+01
9.333740496697303968e+01
9.333740496697303968e+01
9.333740496697303968e+01
9.333740496697303968e+01
9.333740496697303968e+01
9.333740496697303968e+01
9.333740496697303968e+01
