2.258115939220340351e+01
2.258115939220340351e+01
5.674233241211736356e+01
5.674233241211736356e+01
5.675972415482922884e+01
7.475389323451844348e+01
7.488410787451697104e+01
8.604675666571220916e+01
8.604675666571220916e+01
8.666660195700335123e+01
8.666660195700335123e+01
8.666660195700335123e+01
8.666660195700335123e+01
8.666660195700335123e+01
8.741173587691740465e+01
8.741173587691740465e+01
8.741585110906251543e+01
8.741585110906251543e+01
8.902111423509887800e+01
8.902111423509887800e+01
8.941858578874553132e+01
8.941858578874553132e+01
8.941858578874553132e+01
8.941858578874553132e+01
8.941858578874553132e+01
9.024935744741227950e+01
9.024935744741227950e+01
9.024935744741227950e+01
9.024935744741227950e+01
9.024935744741227950e+01
9.024935744741227950e+01
9.024935744741227950e+01
9.024935744741227950e+01
9.024935744741227950e+01
9.024935744741227950e+01
9.024935744741227950e+01
9.024935744741227950e+01
9.024935744741227950e+01
9.024935744741227950e+01
9.024935744741227950e+01
9.024935744741227950e+01
9.024935744741227950e+01
9.024935744741227950e+01
9.024935744741227950e+01
9.024935744741227950e+01
9.024935744741227950e+01
9.024935744741227950e+01
9.024935744741227950e+01
9.024935744741227950e+01
9.024935744741227950e+01
9.024935744741227950e+01
9.024935744741227950e+01
