8.721173587691741602e+01
8.721173587691741602e+01
8.721173587691741602e+01
8.721173587691741602e+01
8.721173587691741602e+01
8.721173587691741602e+01
8.721173587691741602e+01
8.721173587691741602e+01
8.721173587691741602e+01
8.721173587691741602e+01
8.721173587691741602e+01
8.721173587691741602e+01
8.721173587691741602e+01
8.721173587691741602e+01
8.721173587691741602e+01
8.721173587691741602e+01
8.721173587691741602e+01
8.721173587691741602e+01
8.721173587691741602e+01
8.721173587691741602e+01
8.721173587691741602e+01
8.721173587691741602e+01
8.721173587691741602e+01
8.721173587691741602e+01
8.721173587691741602e+01
8.721173587691741602e+01
8.721173587691741602e+01
8.721173587691741602e+01
8.721173587691741602e+01
8.721173587691741602e+01
8.721173587691741602e+01
8.721173587691741602e+01
8.721173587691741602e+01
8.721173587691741602e+01
8.721173587691741602e+01
8.721173587691741602e+01
8.721173587691741602e+01
8.721173587691741602e+01
8.721173587691741602e+01
8.721173587691741602e+01
8.721173587691741602e+01
8.899342407327507942e+01
8.899342407327507942e+01
8.899342407327507942e+01
8.899342407327507942e+01
8.899342407327507942e+01
8.899342407327507942e+01
8.899342407327507942e+01
8.899342407327507942e+01
8.899342407327507942e+01
8.899342407327507942e+01
8.899342407327507942e+01
