9.149061166337202167e+01
9.149061166337202167e+01
9.149061166337202167e+01
9.149061166337202167e+01
9.149061166337202167e+01
9.233193985886487098e+01
9.233193985886487098e+01
9.272482618476617233e+01
9.272482618476617233e+01
9.272482618476617233e+01
9.272482618476617233e+01
9.300278772623587997e+01
9.300278772623587997e+01
9.300278772623587997e+01
9.300278772623587997e+01
9.340956741322126788e+01
9.340956741322126788e+01
9.340956741322126788e+01
9.340956741322126788e+01
9.340956741322126788e+01
9.340956741322126788e+01
9.340956741322126788e+01
9.340956741322126788e+01
9.340956741322126788e+01
9.340956741322126788e+01
9.340956741322126788e+01
9.340956741322126788e+01
9.360278772623587429e+01
9.360278772623587429e+01
9.360278772623587429e+01
9.360278772623587429e+01
9.360278772623587429e+01
9.360278772623587429e+01
9.360278772623587429e+01
9.360278772623587429e+01
9.360278772623587429e+01
9.360278772623587429e+01
9.360278772623587429e+01
9.360278772623587429e+01
9.360278772623587429e+01
9.360278772623587429e+01
9.360278772623587429e+01
9.360278772623587429e+01
9.360278772623587429e+01
9.360278772623587429e+01
9.360278772623587429e+01
9.360278772623587429e+01
9.360278772623587429e+01
9.360278772623587429e+01
9.360278772623587429e+01
9.360278772623587429e+01
9.360278772623587429e+01
