3.917991706964763665e+01
3.917991706964763665e+01
3.917991706964763665e+01
3.917991706964763665e+01
3.917991706964763665e+01
4.799364684039827011e+01
4.799364684039827011e+01
4.807041085661010271e+01
4.807041085661010271e+01
4.807041085661010271e+01
4.810010264641751121e+01
4.810010264641751121e+01
4.810010264641751121e+01
4.817991706964763665e+01
6.607041085661010982e+01
6.607041085661010982e+01
6.607041085661010982e+01
6.607041085661010982e+01
6.607041085661010982e+01
6.607041085661010982e+01
6.607041085661010982e+01
6.607041085661010982e+01
6.614492807779757300e+01
6.614492807779757300e+01
6.614492807779757300e+01
6.614492807779757300e+01
6.614492807779757300e+01
6.614492807779757300e+01
6.614492807779757300e+01
6.614492807779757300e+01
6.614492807779757300e+01
6.614492807779757300e+01
6.617991706964764376e+01
6.617991706964764376e+01
6.617991706964764376e+01
6.617991706964764376e+01
8.406775481255198201e+01
8.406775481255198201e+01
8.745379680945984546e+01
8.745379680945984546e+01
8.745379680945984546e+01
8.745379680945984546e+01
8.745379680945984546e+01
8.936691377820120863e+01
8.936691377820120863e+01
8.936691377820120863e+01
8.936691377820120863e+01
8.936691377820120863e+01
8.936691377820120863e+01
8.936691377820120863e+01
8.936691377820120863e+01
8.936691377820120863e+01
