9.197611947915372355e+01
9.197611947915372355e+01
9.269061166337202451e+01
9.269061166337202451e+01
9.333616819497439110e+01
9.333616819497439110e+01
9.333616819497439110e+01
9.333616819497439110e+01
9.333616819497439110e+01
9.333616819497439110e+01
9.333616819497439110e+01
9.333616819497439110e+01
9.333616819497439110e+01
9.333616819497439110e+01
9.333616819497439110e+01
9.333616819497439110e+01
9.340956741322126788e+01
9.340956741322126788e+01
9.340956741322126788e+01
9.340956741322126788e+01
9.340956741322126788e+01
9.340956741322126788e+01
9.340956741322126788e+01
9.340956741322126788e+01
9.340956741322126788e+01
9.340956741322126788e+01
9.340956741322126788e+01
9.340956741322126788e+01
9.340956741322126788e+01
9.340956741322126788e+01
9.340956741322126788e+01
9.340956741322126788e+01
9.340956741322126788e+01
9.340956741322126788e+01
9.340956741322126788e+01
9.340956741322126788e+01
9.340956741322126788e+01
9.340956741322126788e+01
9.340956741322126788e+01
9.340956741322126788e+01
9.340956741322126788e+01
9.340956741322126788e+01
9.340956741322126788e+01
9.340956741322126788e+01
9.340956741322126788e+01
9.340956741322126788e+01
9.340956741322126788e+01
9.340956741322126788e+01
9.340956741322126788e+01
9.340956741322126788e+01
9.340956741322126788e+01
9.340956741322126788e+01
