8.762951600496184312e+01
8.762951600496184312e+01
9.149061166337202167e+01
9.193109579777976137e+01
9.320704314910979349e+01
9.320704314910979349e+01
9.320704314910979349e+01
9.320704314910979349e+01
9.320704314910979349e+01
9.320704314910979349e+01
9.333740496697303968e+01
9.333740496697303968e+01
9.333740496697303968e+01
9.333740496697303968e+01
9.333740496697303968e+01
9.333740496697303968e+01
9.333740496697303968e+01
9.333740496697303968e+01
9.340956741322126788e+01
9.340956741322126788e+01
9.340956741322126788e+01
9.340956741322126788e+01
9.340956741322126788e+01
9.340956741322126788e+01
9.340956741322126788e+01
9.340956741322126788e+01
9.340956741322126788e+01
9.340956741322126788e+01
9.340956741322126788e+01
9.340956741322126788e+01
9.340956741322126788e+01
9.340956741322126788e+01
9.340956741322126788e+01
9.340956741322126788e+01
9.340956741322126788e+01
9.340956741322126788e+01
9.340956741322126788e+01
9.340956741322126788e+01
9.340956741322126788e+01
9.340956741322126788e+01
9.340956741322126788e+01
9.340956741322126788e+01
9.340956741322126788e+01
9.340956741322126788e+01
9.340956741322126788e+01
9.340956741322126788e+01
9.340956741322126788e+01
9.340956741322126788e+01
9.340956741322126788e+01
9.340956741322126788e+01
9.340956741322126788e+01
9.340956741322126788e+01
