3.901354799471556589e+01
3.901354799471556589e+01
3.901354799471556589e+01
4.819788162462293712e+01
6.601354799471556589e+01
6.601354799471556589e+01
6.601354799471556589e+01
6.626990021702643219e+01
6.626990021702643219e+01
6.626990021702643219e+01
9.478506424239101591e+01
9.478506424239101591e+01
9.478506424239101591e+01
9.478506424239101591e+01
9.478506424239101591e+01
9.478506424239101591e+01
9.478506424239101591e+01
9.478506424239101591e+01
9.478506424239101591e+01
9.478506424239101591e+01
9.478506424239101591e+01
9.478506424239101591e+01
9.485250552318655082e+01
9.485250552318655082e+01
9.485250552318655082e+01
9.485250552318655082e+01
9.485250552318655082e+01
9.485250552318655082e+01
9.485250552318655082e+01
9.485250552318655082e+01
9.485250552318655082e+01
9.485250552318655082e+01
9.485250552318655082e+01
9.485250552318655082e+01
9.485250552318655082e+01
9.485250552318655082e+01
9.485250552318655082e+01
9.485250552318655082e+01
9.485250552318655082e+01
9.485250552318655082e+01
9.485250552318655082e+01
9.485250552318655082e+01
9.485250552318655082e+01
9.485250552318655082e+01
9.485250552318655082e+01
9.485250552318655082e+01
9.485250552318655082e+01
9.485250552318655082e+01
9.485250552318655082e+01
9.485250552318655082e+01
9.485250552318655082e+01
9.485250552318655082e+01
