-6.261491684321041973e+00
-5.828945617610207464e+00
-6.259581464064923217e+00
-5.820082930352361572e+00
-6.263398262591623578e+00
1.225699681219051840e+01
-6.230481447578481990e+00
-5.826000107380449933e+00
-5.828945617610207464e+00
1.174233241211736001e+01
8.919342407327508226e+01
8.919342407327508226e+01
8.919342407327508226e+01
8.919342407327508226e+01
8.919342407327508226e+01
8.919342407327508226e+01
8.919342407327508226e+01
8.919342407327508226e+01
8.919342407327508226e+01
8.919342407327508226e+01
8.919342407327508226e+01
8.919342407327508226e+01
8.919342407327508226e+01
8.919342407327508226e+01
8.919342407327508226e+01
8.919342407327508226e+01
8.919342407327508226e+01
8.919342407327508226e+01
8.919342407327508226e+01
8.919342407327508226e+01
8.919342407327508226e+01
8.919342407327508226e+01
8.919342407327508226e+01
8.919342407327508226e+01
8.919342407327508226e+01
8.919342407327508226e+01
8.919342407327508226e+01
8.919342407327508226e+01
8.919342407327508226e+01
8.919342407327508226e+01
