-5.730099782973574030e+00
1.227968822339258814e+01
-6.028278520230697879e+00
3.216174817670262698e+00
-5.986452005284437661e+00
-6.023447592961033159e+00
-6.442540166468198493e+00
-5.730099782973574030e+00
-5.752572638825633078e+00
-5.752572638825633078e+00
9.425833644349734186e+01
9.425833644349734186e+01
9.425833644349734186e+01
9.425833644349734186e+01
9.425833644349734186e+01
9.425833644349734186e+01
9.425833644349734186e+01
9.425833644349734186e+01
9.425833644349734186e+01
9.425833644349734186e+01
9.425833644349734186e+01
9.425833644349734186e+01
9.425833644349734186e+01
9.425833644349734186e+01
9.425833644349734186e+01
9.425833644349734186e+01
9.425833644349734186e+01
9.425833644349734186e+01
9.425833644349734186e+01
9.425833644349734186e+01
9.425833644349734186e+01
9.425833644349734186e+01
9.425833644349734186e+01
9.425833644349734186e+01
9.425833644349734186e+01
9.425833644349734186e+01
9.425833644349734186e+01
9.425833644349734186e+01
9.425833644349734186e+01
9.425833644349734186e+01
