-6.098074282166240145e+00
-5.730099782973574030e+00
3.907041085661010271e+01
-5.752572638825633078e+00
-5.968707559985365840e+00
3.901354799471556589e+01
-5.802118375377062875e+00
3.912226421822035860e+01
-5.986452005284437661e+00
3.601837298482247540e+00
6.612226421822036571e+01
6.612226421822036571e+01
6.612226421822036571e+01
6.612226421822036571e+01
6.612226421822036571e+01
6.612226421822036571e+01
6.612226421822036571e+01
6.612226421822036571e+01
6.612226421822036571e+01
6.612226421822036571e+01
6.612226421822036571e+01
6.612226421822036571e+01
6.612226421822036571e+01
6.612226421822036571e+01
6.612226421822036571e+01
6.612226421822036571e+01
6.612226421822036571e+01
6.612226421822036571e+01
6.612226421822036571e+01
6.612226421822036571e+01
6.612226421822036571e+01
6.612226421822036571e+01
6.612226421822036571e+01
6.612226421822036571e+01
6.612226421822036571e+01
6.612226421822036571e+01
6.612226421822036571e+01
6.612226421822036571e+01
6.612226421822036571e+01
6.612226421822036571e+01
