-5.823045895483018874e+00
2.258115939220340351e+01
-5.823045895483018874e+00
-6.276643489341644511e+00
-5.424950017481402931e+00
3.575049982518597069e+00
-5.828945617610207464e+00
-5.823045895483018874e+00
-5.424950017481402931e+00
3.575049982518597069e+00
8.899342407327507942e+01
8.899342407327507942e+01
8.899342407327507942e+01
8.899342407327507942e+01
8.899342407327507942e+01
8.899342407327507942e+01
8.899342407327507942e+01
8.899342407327507942e+01
8.899342407327507942e+01
8.899342407327507942e+01
8.899342407327507942e+01
8.899342407327507942e+01
8.899342407327507942e+01
8.899342407327507942e+01
8.899342407327507942e+01
8.899342407327507942e+01
8.899342407327507942e+01
8.899342407327507942e+01
8.899342407327507942e+01
8.899342407327507942e+01
8.899342407327507942e+01
8.899342407327507942e+01
8.899342407327507942e+01
8.899342407327507942e+01
8.899342407327507942e+01
8.899342407327507942e+01
8.899342407327507942e+01
8.899342407327507942e+01
8.899342407327507942e+01
8.899342407327507942e+01
