-5.796057750765371885e+00
-5.780743515792329035e+00
-5.796057750765371885e+00
7.590624979919323323e+01
-5.908082938168931264e+00
-5.796057750765371885e+00
9.199051384715858148e+01
5.724742736117436692e+01
8.801639337829166720e+01
8.800956741322126220e+01
9.333740496697303968e+01
9.333740496697303968e+01
9.333740496697303968e+01
9.333740496697303968e+01
9.333740496697303968e+01
9.333740496697303968e+01
9.333740496697303968e+01
9.333740496697303968e+01
9.333740496697303968e+01
9.333740496697303968e+01
9.333740496697303968e+01
9.333740496697303968e+01
9.333740496697303968e+01
9.333740496697303968e+01
9.333740496697303968e+01
9.333740496697303968e+01
9.333740496697303968e+01
9.333740496697303968e+01
9.333740496697303968e+01
9.333740496697303968e+01
9.333740496697303968e+01
9.333740496697303968e+01
9.333740496697303968e+01
9.333740496697303968e+01
9.333740496697303968e+01
9.333740496697303968e+01
9.333740496697303968e+01
9.333740496697303968e+01
9.333740496697303968e+01
9.333740496697303968e+01
