9.083931836898447898e+01
-5.880532986400700324e+00
8.762951600496184312e+01
-6.405228458030841843e+00
-5.908082938168931264e+00
-5.768320995793771999e+00
1.245482255552043682e+01
1.237237888630936311e+01
-5.225746673713201673e+00
-5.908082938168931264e+00
9.320278772623588281e+01
9.320278772623588281e+01
9.320278772623588281e+01
9.320278772623588281e+01
9.320278772623588281e+01
9.320278772623588281e+01
9.320278772623588281e+01
9.320278772623588281e+01
9.320278772623588281e+01
9.320278772623588281e+01
9.320278772623588281e+01
9.320278772623588281e+01
9.320278772623588281e+01
9.320278772623588281e+01
9.320278772623588281e+01
9.320278772623588281e+01
9.320278772623588281e+01
9.320278772623588281e+01
9.320278772623588281e+01
9.320278772623588281e+01
9.320278772623588281e+01
9.320278772623588281e+01
9.320278772623588281e+01
9.320278772623588281e+01
9.320278772623588281e+01
9.320278772623588281e+01
9.320278772623588281e+01
9.320278772623588281e+01
9.320278772623588281e+01
9.320278772623588281e+01
