-5.872117789475415961e+00
7.590013357217580392e+01
-5.796057750765371885e+00
3.920698639161585675e+01
-5.509388336627977445e+00
4.816518926293739611e+01
-5.755742213586912293e+00
-5.796057750765371885e+00
-5.796057750765371885e+00
2.069555119757801975e+01
9.340956741322126788e+01
9.340956741322126788e+01
9.340956741322126788e+01
9.340956741322126788e+01
9.340956741322126788e+01
9.340956741322126788e+01
9.340956741322126788e+01
9.340956741322126788e+01
9.340956741322126788e+01
9.340956741322126788e+01
9.340956741322126788e+01
9.340956741322126788e+01
9.340956741322126788e+01
9.340956741322126788e+01
9.340956741322126788e+01
9.340956741322126788e+01
9.340956741322126788e+01
9.340956741322126788e+01
9.340956741322126788e+01
9.340956741322126788e+01
9.340956741322126788e+01
9.340956741322126788e+01
9.340956741322126788e+01
9.340956741322126788e+01
9.340956741322126788e+01
9.340956741322126788e+01
9.340956741322126788e+01
9.340956741322126788e+01
9.340956741322126788e+01
9.340956741322126788e+01
