-5.968707559985365840e+00
-5.752572638825633078e+00
-5.730099782973574030e+00
-5.799092654460525686e+00
-5.739792912179233930e+00
1.222855887686998422e+01
-5.752572638825633078e+00
3.901354799471556589e+01
-6.008813185442594573e+00
-5.765191102784844368e+00
9.490013357217580392e+01
9.490013357217580392e+01
9.490013357217580392e+01
9.490013357217580392e+01
9.490013357217580392e+01
9.490013357217580392e+01
9.490013357217580392e+01
9.490013357217580392e+01
9.490013357217580392e+01
9.490013357217580392e+01
9.490013357217580392e+01
9.490013357217580392e+01
9.490013357217580392e+01
9.490013357217580392e+01
9.490013357217580392e+01
9.490013357217580392e+01
9.490013357217580392e+01
9.490013357217580392e+01
9.490013357217580392e+01
9.490013357217580392e+01
9.490013357217580392e+01
9.490013357217580392e+01
9.490013357217580392e+01
9.490013357217580392e+01
9.490013357217580392e+01
9.490013357217580392e+01
9.490013357217580392e+01
9.490013357217580392e+01
9.490013357217580392e+01
9.490013357217580392e+01
