8.479140997390337020e+01
4.817991706964763665e+01
7.473090371629373863e+01
3.017991706964763665e+01
7.476363040979629204e+01
5.673850831567895625e+01
4.817105438238979076e+01
3.017991706964763665e+01
6.586011544777375093e+01
3.886011544777374382e+01
9.175974528872258418e+01
9.175974528872258418e+01
9.175974528872258418e+01
9.175974528872258418e+01
9.175974528872258418e+01
9.175974528872258418e+01
9.175974528872258418e+01
9.175974528872258418e+01
9.175974528872258418e+01
9.175974528872258418e+01
9.175974528872258418e+01
9.175974528872258418e+01
9.175974528872258418e+01
9.175974528872258418e+01
9.175974528872258418e+01
9.175974528872258418e+01
9.175974528872258418e+01
9.175974528872258418e+01
9.175974528872258418e+01
9.175974528872258418e+01
9.175974528872258418e+01
9.175974528872258418e+01
9.175974528872258418e+01
9.175974528872258418e+01
9.175974528872258418e+01
9.175974528872258418e+01
9.175974528872258418e+01
9.175974528872258418e+01
9.175974528872258418e+01
9.175974528872258418e+01
