-5.768320995793771999e+00
-5.796057750765371885e+00
-5.783825182329737302e+00
-5.730099782973574030e+00
-5.768320995793771999e+00
-5.786897381366707727e+00
8.762951600496184312e+01
4.820394224923462900e+01
-5.537334267018536593e+00
2.195657488308075500e+01
9.387603602059674301e+01
9.387603602059674301e+01
9.387603602059674301e+01
9.387603602059674301e+01
9.387603602059674301e+01
9.387603602059674301e+01
9.387603602059674301e+01
9.387603602059674301e+01
9.387603602059674301e+01
9.387603602059674301e+01
9.387603602059674301e+01
9.387603602059674301e+01
9.387603602059674301e+01
9.387603602059674301e+01
9.387603602059674301e+01
9.387603602059674301e+01
9.387603602059674301e+01
9.387603602059674301e+01
9.387603602059674301e+01
9.387603602059674301e+01
9.387603602059674301e+01
9.387603602059674301e+01
9.387603602059674301e+01
9.387603602059674301e+01
9.387603602059674301e+01
9.387603602059674301e+01
9.387603602059674301e+01
9.387603602059674301e+01
9.387603602059674301e+01
9.387603602059674301e+01
