-5.796057750765371885e+00
-5.796057750765371885e+00
-5.726847747587196835e+00
8.762951600496184312e+01
-5.796057750765371885e+00
-5.796057750765371885e+00
-5.043425116919246776e+00
4.856192069107680709e+01
-5.796057750765371885e+00
8.713109579777977842e+01
9.353214184093667427e+01
9.353214184093667427e+01
9.353214184093667427e+01
9.353214184093667427e+01
9.353214184093667427e+01
9.353214184093667427e+01
9.353214184093667427e+01
9.353214184093667427e+01
9.353214184093667427e+01
9.353214184093667427e+01
9.353214184093667427e+01
9.353214184093667427e+01
9.353214184093667427e+01
9.353214184093667427e+01
9.353214184093667427e+01
9.353214184093667427e+01
9.353214184093667427e+01
9.353214184093667427e+01
9.353214184093667427e+01
9.353214184093667427e+01
9.353214184093667427e+01
9.353214184093667427e+01
9.353214184093667427e+01
9.353214184093667427e+01
9.353214184093667427e+01
9.353214184093667427e+01
9.353214184093667427e+01
9.353214184093667427e+01
9.353214184093667427e+01
9.353214184093667427e+01
