5.674233241211736356e+01
7.476167537496048965e+01
3.918288884003679584e+01
3.878539190157781036e+01
3.017991706964763665e+01
-6.115892125483034292e+00
7.474617118842452612e+01
5.674233241211736356e+01
6.576363040979629204e+01
2.074617118842452612e+01
9.024935744741227950e+01
9.024935744741227950e+01
9.024935744741227950e+01
9.024935744741227950e+01
9.024935744741227950e+01
9.024935744741227950e+01
9.024935744741227950e+01
9.024935744741227950e+01
9.024935744741227950e+01
9.024935744741227950e+01
9.024935744741227950e+01
9.024935744741227950e+01
9.024935744741227950e+01
9.024935744741227950e+01
9.024935744741227950e+01
9.024935744741227950e+01
9.024935744741227950e+01
9.024935744741227950e+01
9.024935744741227950e+01
9.024935744741227950e+01
9.024935744741227950e+01
9.024935744741227950e+01
9.024935744741227950e+01
9.024935744741227950e+01
9.024935744741227950e+01
9.024935744741227950e+01
9.024935744741227950e+01
9.024935744741227950e+01
9.024935744741227950e+01
9.024935744741227950e+01
