2.258115939220340351e+01
3.575049982518597069e+00
-6.263398262591623578e+00
3.920090734553947698e+01
4.581159392203401737e+00
-5.170483995038151370e+00
-5.828945617610207464e+00
-6.263398262591623578e+00
-5.828945617610207464e+00
-6.240275845170769387e+00
8.659140997390336736e+01
8.659140997390336736e+01
8.659140997390336736e+01
8.659140997390336736e+01
8.659140997390336736e+01
8.659140997390336736e+01
8.659140997390336736e+01
8.659140997390336736e+01
8.659140997390336736e+01
8.659140997390336736e+01
8.659140997390336736e+01
8.659140997390336736e+01
8.659140997390336736e+01
8.659140997390336736e+01
8.659140997390336736e+01
8.659140997390336736e+01
8.659140997390336736e+01
8.659140997390336736e+01
8.659140997390336736e+01
8.659140997390336736e+01
8.659140997390336736e+01
8.659140997390336736e+01
8.659140997390336736e+01
8.659140997390336736e+01
8.659140997390336736e+01
8.659140997390336736e+01
8.659140997390336736e+01
8.659140997390336736e+01
8.659140997390336736e+01
8.659140997390336736e+01
