9.264704041507837928e+01
6.710965087177824273e+01
8.477065437104556622e+01
9.175297592783951472e+01
8.574375419465168591e+01
8.528200618758324936e+01
-5.796057750765371885e+00
9.149061166337202167e+01
8.549405452609941847e+01
-5.796057750765371885e+00
9.360278772623587429e+01
9.360278772623587429e+01
9.360278772623587429e+01
9.360278772623587429e+01
9.360278772623587429e+01
9.360278772623587429e+01
9.360278772623587429e+01
9.360278772623587429e+01
9.360278772623587429e+01
9.360278772623587429e+01
9.360278772623587429e+01
9.360278772623587429e+01
9.360278772623587429e+01
9.360278772623587429e+01
9.360278772623587429e+01
9.360278772623587429e+01
9.360278772623587429e+01
9.360278772623587429e+01
9.360278772623587429e+01
9.360278772623587429e+01
9.360278772623587429e+01
9.360278772623587429e+01
9.360278772623587429e+01
9.360278772623587429e+01
9.360278772623587429e+01
9.360278772623587429e+01
9.360278772623587429e+01
9.360278772623587429e+01
9.360278772623587429e+01
9.360278772623587429e+01
