-5.768320995793771999e+00
-5.796057750765371885e+00
5.747057091248857574e+01
-5.796057750765371885e+00
-5.768320995793771999e+00
-5.796057750765371885e+00
-5.768320995793771999e+00
-5.796057750765371885e+00
-5.796057750765371885e+00
3.923480889721515297e+01
9.333740496697303968e+01
9.333740496697303968e+01
9.333740496697303968e+01
9.333740496697303968e+01
9.333740496697303968e+01
9.333740496697303968e+01
9.333740496697303968e+01
9.333740496697303968e+01
9.333740496697303968e+01
9.333740496697303968e+01
9.333740496697303968e+01
9.333740496697303968e+01
9.333740496697303968e+01
9.333740496697303968e+01
9.333740496697303968e+01
9.333740496697303968e+01
9.333740496697303968e+01
9.333740496697303968e+01
9.333740496697303968e+01
9.333740496697303968e+01
9.333740496697303968e+01
9.333740496697303968e+01
9.333740496697303968e+01
9.333740496697303968e+01
9.333740496697303968e+01
9.333740496697303968e+01
9.333740496697303968e+01
9.333740496697303968e+01
9.333740496697303968e+01
9.333740496697303968e+01
