-5.849324779946859287e+00
8.762951600496184312e+01
5.659477154196915905e+01
-5.796057750765371885e+00
-5.777652323222656428e+00
-5.796057750765371885e+00
-5.908082938168931264e+00
6.695657488308074790e+01
8.555014399275046344e+01
4.758163506406378929e+01
9.340956741322126788e+01
9.340956741322126788e+01
9.340956741322126788e+01
9.340956741322126788e+01
9.340956741322126788e+01
9.340956741322126788e+01
9.340956741322126788e+01
9.340956741322126788e+01
9.340956741322126788e+01
9.340956741322126788e+01
9.340956741322126788e+01
9.340956741322126788e+01
9.340956741322126788e+01
9.340956741322126788e+01
9.340956741322126788e+01
9.340956741322126788e+01
9.340956741322126788e+01
9.340956741322126788e+01
9.340956741322126788e+01
9.340956741322126788e+01
9.340956741322126788e+01
9.340956741322126788e+01
9.340956741322126788e+01
9.340956741322126788e+01
9.340956741322126788e+01
9.340956741322126788e+01
9.340956741322126788e+01
9.340956741322126788e+01
9.340956741322126788e+01
9.340956741322126788e+01
