3.575049982518597069e+00
3.575049982518597069e+00
-6.269096283706261374e+00
-6.263398262591623578e+00
2.258115939220340351e+01
-5.424950017481402931e+00
1.217695410451698024e+01
-6.263398262591623578e+00
3.017991706964763665e+01
-5.826000107380449933e+00
8.975974528872258418e+01
8.975974528872258418e+01
8.975974528872258418e+01
8.975974528872258418e+01
8.975974528872258418e+01
8.975974528872258418e+01
8.975974528872258418e+01
8.975974528872258418e+01
8.975974528872258418e+01
8.975974528872258418e+01
8.975974528872258418e+01
8.975974528872258418e+01
8.975974528872258418e+01
8.975974528872258418e+01
8.975974528872258418e+01
8.975974528872258418e+01
8.975974528872258418e+01
8.975974528872258418e+01
8.975974528872258418e+01
8.975974528872258418e+01
8.975974528872258418e+01
8.975974528872258418e+01
8.975974528872258418e+01
8.975974528872258418e+01
8.975974528872258418e+01
8.975974528872258418e+01
8.975974528872258418e+01
8.975974528872258418e+01
8.975974528872258418e+01
8.975974528872258418e+01
