9.155974528872258134e+01
9.064302101441444393e+01
-6.139884552226255288e+00
-6.263398262591623578e+00
8.944302101441444108e+01
6.576755198344947928e+01
-5.826000107380449933e+00
2.740418535935076783e+00
2.783393898915135445e+00
-6.280395838960195043e+00
9.175974528872258418e+01
9.175974528872258418e+01
9.175974528872258418e+01
9.175974528872258418e+01
9.175974528872258418e+01
9.175974528872258418e+01
9.175974528872258418e+01
9.175974528872258418e+01
9.175974528872258418e+01
9.175974528872258418e+01
9.175974528872258418e+01
9.175974528872258418e+01
9.175974528872258418e+01
9.175974528872258418e+01
9.175974528872258418e+01
9.175974528872258418e+01
9.175974528872258418e+01
9.175974528872258418e+01
9.175974528872258418e+01
9.175974528872258418e+01
9.175974528872258418e+01
9.175974528872258418e+01
9.175974528872258418e+01
9.175974528872258418e+01
9.175974528872258418e+01
9.175974528872258418e+01
9.175974528872258418e+01
9.175974528872258418e+01
9.175974528872258418e+01
9.175974528872258418e+01
