-5.796057750765371885e+00
2.985581436587435533e+01
1.261550493721091115e+01
9.107010128507693025e+01
4.826665872310225325e+01
-5.796057750765371885e+00
7.547057091248858285e+01
-5.068904202220231525e+00
8.605289246928253988e+01
-6.405228458030841843e+00
9.340956741322126788e+01
9.340956741322126788e+01
9.340956741322126788e+01
9.340956741322126788e+01
9.340956741322126788e+01
9.340956741322126788e+01
9.340956741322126788e+01
9.340956741322126788e+01
9.340956741322126788e+01
9.340956741322126788e+01
9.340956741322126788e+01
9.340956741322126788e+01
9.340956741322126788e+01
9.340956741322126788e+01
9.340956741322126788e+01
9.340956741322126788e+01
9.340956741322126788e+01
9.340956741322126788e+01
9.340956741322126788e+01
9.340956741322126788e+01
9.340956741322126788e+01
9.340956741322126788e+01
9.340956741322126788e+01
9.340956741322126788e+01
9.340956741322126788e+01
9.340956741322126788e+01
9.340956741322126788e+01
9.340956741322126788e+01
9.340956741322126788e+01
9.340956741322126788e+01
