8.881650369121830124e+01
3.921310261863329316e+01
5.791859563501553509e+01
4.850283177470679874e+01
5.769669509194092427e+01
-5.710427017374869685e+00
9.190013357217580392e+01
7.459642580206518403e+01
3.203942249234628115e+00
6.584726730529590100e+01
9.393740496697303399e+01
9.393740496697303399e+01
9.393740496697303399e+01
9.393740496697303399e+01
9.393740496697303399e+01
9.393740496697303399e+01
9.393740496697303399e+01
9.393740496697303399e+01
9.393740496697303399e+01
9.393740496697303399e+01
9.393740496697303399e+01
9.393740496697303399e+01
9.393740496697303399e+01
9.393740496697303399e+01
9.393740496697303399e+01
9.393740496697303399e+01
9.393740496697303399e+01
9.393740496697303399e+01
9.393740496697303399e+01
9.393740496697303399e+01
9.393740496697303399e+01
9.393740496697303399e+01
9.393740496697303399e+01
9.393740496697303399e+01
9.393740496697303399e+01
9.393740496697303399e+01
9.393740496697303399e+01
9.393740496697303399e+01
9.393740496697303399e+01
9.393740496697303399e+01
