2.117991706964763665e+01
-6.222576268071368766e+00
3.872712299345383258e+01
5.717991706964763665e+01
3.017991706964763665e+01
-5.828945617610207464e+00
-6.300785794663243955e+00
-6.289715570908997577e+00
4.772335651065835549e+01
1.174233241211736001e+01
9.152926227199750997e+01
9.152926227199750997e+01
9.152926227199750997e+01
9.152926227199750997e+01
9.152926227199750997e+01
9.152926227199750997e+01
9.173157441175588644e+01
9.152926227199750997e+01
9.152926227199750997e+01
9.152926227199750997e+01
9.152926227199750997e+01
9.152926227199750997e+01
9.152926227199750997e+01
9.152926227199750997e+01
9.173157441175588644e+01
9.152926227199750997e+01
9.173157441175588644e+01
9.152926227199750997e+01
9.173157441175588644e+01
9.173157441175588644e+01
9.173157441175588644e+01
9.152926227199750997e+01
9.152926227199750997e+01
9.152926227199750997e+01
9.152926227199750997e+01
9.152926227199750997e+01
9.152926227199750997e+01
9.152926227199750997e+01
9.152926227199750997e+01
9.152926227199750997e+01
