2.973850831567895625e+01
-6.255750041753366908e+00
5.674233241211736356e+01
5.674233241211736356e+01
3.176954104516981126e+00
3.916811752271648572e+01
2.972901156814170065e+01
5.674233241211736356e+01
5.674233241211736356e+01
-6.263398262591623578e+00
9.152926227199750997e+01
9.152926227199750997e+01
9.152926227199750997e+01
9.152926227199750997e+01
9.152926227199750997e+01
9.152926227199750997e+01
9.152926227199750997e+01
9.152926227199750997e+01
9.152926227199750997e+01
9.152926227199750997e+01
9.152926227199750997e+01
9.152926227199750997e+01
9.152926227199750997e+01
9.152926227199750997e+01
9.152926227199750997e+01
9.152926227199750997e+01
9.152926227199750997e+01
9.152926227199750997e+01
9.152926227199750997e+01
9.152926227199750997e+01
9.152926227199750997e+01
9.152926227199750997e+01
9.152926227199750997e+01
9.152926227199750997e+01
9.152926227199750997e+01
9.152926227199750997e+01
9.152926227199750997e+01
9.152926227199750997e+01
9.152926227199750997e+01
9.152926227199750997e+01
