-6.023447592961033159e+00
3.982720163185075712e+00
3.901858578874551853e+01
3.901858578874551853e+01
3.914206684551653836e+01
1.207842158035618496e+01
3.897655240703896595e+01
3.601837298482247540e+00
3.901354799471556589e+01
8.693854308107198392e+01
8.936691377820120863e+01
8.936691377820120863e+01
8.936691377820120863e+01
8.936691377820120863e+01
8.936691377820120863e+01
8.936691377820120863e+01
8.936691377820120863e+01
8.936691377820120863e+01
8.936691377820120863e+01
8.936691377820120863e+01
8.936691377820120863e+01
8.936691377820120863e+01
8.936691377820120863e+01
8.936691377820120863e+01
8.936691377820120863e+01
8.936691377820120863e+01
8.936691377820120863e+01
8.936691377820120863e+01
8.936691377820120863e+01
8.936691377820120863e+01
8.936691377820120863e+01
8.936691377820120863e+01
8.936691377820120863e+01
8.936691377820120863e+01
8.936691377820120863e+01
8.936691377820120863e+01
8.936691377820120863e+01
8.936691377820120863e+01
8.936691377820120863e+01
8.936691377820120863e+01
