1.358115939220340174e+01
1.358115939220340174e+01
5.687970258104905241e+01
3.575049982518597069e+00
3.888853266049731872e+01
3.643413725327987684e+00
3.912403664767616362e+00
2.974809611683411248e+01
3.094638151945429350e+00
2.157504998251859618e+01
8.935974528872259270e+01
8.935974528872259270e+01
8.935974528872259270e+01
8.935974528872259270e+01
8.935974528872259270e+01
8.935974528872259270e+01
8.935974528872259270e+01
8.935974528872259270e+01
8.935974528872259270e+01
8.935974528872259270e+01
8.935974528872259270e+01
8.935974528872259270e+01
8.935974528872259270e+01
8.935974528872259270e+01
8.935974528872259270e+01
8.935974528872259270e+01
8.935974528872259270e+01
8.935974528872259270e+01
8.935974528872259270e+01
8.935974528872259270e+01
8.935974528872259270e+01
8.935974528872259270e+01
8.935974528872259270e+01
8.935974528872259270e+01
8.935974528872259270e+01
8.935974528872259270e+01
8.935974528872259270e+01
8.935974528872259270e+01
8.935974528872259270e+01
8.935974528872259270e+01
